station	mntmax14	mntmax13	tmax_diff
AE000041	24.092592593	25.751851852	-1.659259259
AEM00041	23.632394366	25.226136364	-1.593741997
AG000060	19.84494382	18.015789474	1.8291543465
AGE00147	17.796629213	17.162962963	0.6336662505
AGM00060	16.304824903	15.550805833	0.75401907
AJ000037	8.125170068	9.1902097902	-1.065039722
ALM00013	15.176190476	12.696296296	2.4798941799
AM000037	-3.196551724	-3.332258065	0.1357063404
AMM00037	-0.662068966	-0.693548387	0.0314794216
AQW00061	30.132258065	29.883870968	0.2483870968
AR000000	35.226315789	32.066666667	3.1596491228
AR000087	30.772064777	31.093495935	-0.321431158
AR000870	30.830769231	29.347058824	1.4837104072
AR000875	31.769230769	31.446666667	0.3225641026
AR000877	34.923529412	32.716666667	2.2068627451
ARM00087	31.853108348	31.542294521	0.3108138276
ASM00094	21.71875	22.294444444	-0.575694444
ASN00001	33.677209302	34.594930876	-0.917721573
ASN00002	35.812903226	38.119354839	-2.306451613
ASN00003	35.633532934	36.10754717	-0.474014236
ASN00004	36.973364486	37.824766355	-0.851401869
ASN00005	37.458709677	36.841397849	0.617311828
ASN00006	36.349032258	36.85	-0.500967742
ASN00007	38.163225806	38.526315789	-0.363089983
ASN00008	35.179365079	35.01259542	0.1667696595
ASN00009	29.79556907	29.497253219	0.2983158515
ASN00010	33.686656442	32.868597561	0.8180588807
ASN00011	28.824836601	30.396052632	-1.57121603
ASN00012	34.449240122	35.673372781	-1.224132659
ASN00013	38.744444444	40.075147929	-1.330703485
ASN00014	33.159742829	35.199803729	-2.0400609
ASN00015	36.703153153	40.628708134	-3.925554981
ASN00016	37.99627907	38.128502415	-0.132223346
ASN00017	39.472527473	40.02032967	-0.547802198
ASN00018	31.002862986	30.140163934	0.8626990513
ASN00019	36.408823529	34.453225806	1.955597723
ASN00020	35.311290323	34.462903226	0.8483870968
ASN00021	33.70989011	32.006451613	1.703438497
ASN00022	28.49760274	27.536805556	0.9607971842
ASN00023	30.118930041	28.382617587	1.7363124542
ASN00024	32.052112676	30.444700461	1.6074122152
ASN00025	33.681756757	30.939597315	2.7421594413
ASN00026	28.012145749	26.715853659	1.2962920905
ASN00027	31.477419355	32.775816993	-1.298397639
ASN00028	32.819354839	33.819354839	-1
ASN00029	36.667207792	37.539169139	-0.871961347
ASN00030	37.8075	38.590082645	-0.782582645
ASN00031	31.946733668	32.676923077	-0.730189409
ASN00032	31.310752688	32.345394737	-1.034642049
ASN00033	31.166084788	31.641309824	-0.475225036
ASN00034	34.687096774	36.325806452	-1.638709677
ASN00035	35.801612903	35.763709677	0.0379032258
ASN00036	38.589344262	39.020967742	-0.43162348
ASN00037	39.55483871	41.256198347	-1.701359637
ASN00038	40.780392157	42.457407407	-1.677015251
ASN00039	31.798355263	32.04011976	-0.241764497
ASN00040	30.323906706	30.46684492	-0.142938214
ASN00041	31.690688259	31.720652174	-0.029963915
ASN00042	34.496296296	34.609677419	-0.113381123
ASN00043	36.244805195	36.608724832	-0.363919637
ASN00044	37.040449438	39.129268293	-2.088818854
ASN00045	39.896774194	41.530952381	-1.634178187
ASN00046	38.103763441	39.435483871	-1.33172043
ASN00047	36.24	36.262666667	-0.022666667
ASN00048	37.142995169	39.091878173	-1.948883004
ASN00049	35.912962963	36.62745098	-0.714488017
ASN00050	34.841935484	37.292436975	-2.450501491
ASN00051	35.682795699	38.024137931	-2.341342232
ASN00052	37.379032258	38.655172414	-1.276140156
ASN00053	35.932258065	35.725806452	0.2064516129
ASN00054	35.331578947	35.360493827	-0.02891488
ASN00055	34.681699346	34.303870968	0.3778283787
ASN00056	28.779338843	28.500921659	0.278417184
ASN00057	28.016129032	28.038709677	-0.022580645
ASN00058	29.306012658	29.751038576	-0.445025917
ASN00059	27.669032258	28.342580645	-0.673548387
ASN00060	28.439344262	28.788709677	-0.349365415
ASN00061	30.417525773	30.199175258	0.2183505155
ASN00062	30.940860215	31.152747253	-0.211887038
ASN00063	28.192250923	29.315053763	-1.122802841
ASN00064	33.907692308	34.209677419	-0.301985112
ASN00065	34.00516129	36.452287582	-2.447126291
ASN00066	27.358723404	27.942982456	-0.584259052
ASN00067	30.166985646	31.005405405	-0.838419759
ASN00068	26.938321168	27.873550725	-0.935229557
ASN00069	25.178476821	26.186451613	-1.007974792
ASN00070	28.625816993	29.532094595	-0.906277601
ASN00071	20.598611111	21.762121212	-1.163510101
ASN00072	31.412903226	31.135023041	0.2778801843
ASN00073	34.055284553	35.393495935	-1.338211382
ASN00074	34.384615385	34.78547486	-0.400859476
ASN00075	34.993548387	36.011290323	-1.017741935
ASN00076	35.359139785	33.976086957	1.3830528284
ASN00077	34.99516129	33.74516129	1.25
ASN00078	33.190322581	31.666129032	1.5241935484
ASN00079	30.184408602	29.131182796	1.0532258065
ASN00080	34.363709677	33.258064516	1.1056451613
ASN00081	33.105645161	32.808870968	0.2967741935
ASN00082	31.793548387	32.509767442	-0.716219055
ASN00083	22.48057554	23.498802395	-1.018226856
ASN00084	25.452016129	25.800806452	-0.348790323
ASN00085	25.619771863	25.627007299	-0.007235436
ASN00086	27.716666667	26.538004751	1.1786619161
ASN00087	28.233695652	26.917204301	1.3164913511
ASN00088	30.588940092	30.296774194	0.2921658986
ASN00089	29.369565217	28.174193548	1.195371669
ASN00090	26.198064516	24.990645161	1.2074193548
ASN00091	22.570277078	22.509677419	0.0605996587
ASN00092	21.8390681	23.273289902	-1.434221802
ASN00093	25.790322581	25.277419355	0.5129032258
ASN00094	21.357327586	21.21311828	0.1442093066
ASN00095	25.422580645	24.183870968	1.2387096774
ASN00096	20.915384615	19.022580645	1.8928039702
ASN00097	20.422009569	19.890217391	0.5317921781
ASN00098	22.2	21.677419355	0.5225806452
ASN00099	23.080645161	23.116129032	-0.035483871
AU000005	4.2925925926	2.6689655172	1.6236270754
AU000006	6.3588235294	1.7764705882	4.5823529412
AU000011	6.7	2.46875	4.23125
AU000015	-7.682758621	-8.576666667	0.893908046
AU000016	5.5222222222	2.02	3.5022222222
AUM00011	0.0890625	-2.1	2.1890625
AYM00088	2.7736842105	4.0368421053	-1.263157895
AYM00089	0.6096875	1.0638998682	-0.454212368
AYW00090	-26.01578947	-24.10909091	-1.906698565
BA000041	19.538095238	21.804166667	-2.266071429
BB000078	28.571428571	29.196428571	-0.625
BC000068	32.6375	31.76	0.8775
BC004612	38.9	41.382758621	-2.482758621
BC008948	30.457142857	29.2	1.2571428571
BCM00068	31.68	31.761904762	-0.081904762
BDM00078	22.388888889	20.942857143	1.446031746
BE000006	8.844	3.9904761905	4.8535238095
BF000078	28.135294118	27.46	0.6752941176
BGM00041	24.777272727	25.079245283	-0.301972556
BHM00078	26.890909091	29.114285714	-2.223376623
BKM00014	9.3816326531	7.2028776978	2.1787549552
BL000085	30.089690722	30.6734375	-0.583746778
BLM00085	28.137693632	30.248987109	-2.111293477
BMM00048	29.901459854	29.886324786	0.0151350677
BN000005	33.902083333	34.051923077	-0.149839744
BN000065	35.985454545	36.261666667	-0.276212121
BNM00065	35.415517241	35.743333333	-0.327816092
BOM00026	-6.287747036	-5.228907563	-1.058839473
BOM00033	-4.470714286	-3.616778523	-0.853935762
BP000091	30.926086957	31.756363636	-0.83027668
BPW00080	31.395652174	31.696666667	-0.301014493
BR000352	32.128571429	31.685714286	0.4428571429
BR002143	30.7	26.558333333	4.1416666667
BR002554	33.057142857	33.225	-0.167857143
BR037041	36.3	34.642857143	1.6571428571
BRM00083	29.214285714	28.871428571	0.3428571429
BUM00015	6.8466666667	5.5076923077	1.338974359
BXM00096	28.88	30.661904762	-1.781904762
CA001011	7.1129032258	5.1451612903	1.9677419355
CA001012	7.8739726027	5.3151515152	2.5588210876
CA001013	7.5083333333	5.8913043478	1.6170289855
CA001014	6.264516129	4.1516129032	2.1129032258
CA001015	8.2466666667	5.7155172414	2.5311494253
CA001016	7.3738738739	4.9784946237	2.3953792502
CA001017	7.3495934959	5.1934640523	2.1561294436
CA001018	7.5227722772	6.015060241	1.5077120363
CA001021	5.9017751479	4.5187878788	1.3829872691
CA001022	7.0322580645	5.136	1.8962580645
CA001023	5.6964285714	4.7916666667	0.9047619048
CA001025	5.9782608696	4.2217391304	1.7565217391
CA001026	7.0664285714	5.5123376623	1.5540909091
CA001027	7.0290322581	5.0827586207	1.9462736374
CA00102B	7.1166666667	5.6129032258	1.5037634409
CA001030	5.2142857143	2.564516129	2.6497695853
CA001031	9.1129032258	7.6	1.5129032258
CA001032	8.1915254237	7.2711111111	0.9204143126
CA001033	6.8214285714	4.68	2.1414285714
CA001034	8.2096774194	7.1333333333	1.076344086
CA001035	8.1774193548	6.1698924731	2.0075268817
CA001036	7.8170542636	5.4773722628	2.3396820008
CA001037	8.4511904762	6.8619047619	1.5892857143
CA001038	8.945	7.0806451613	1.8643548387
CA001039	7.5769230769	3.9064516129	3.670471464
CA001043	7.2096774194	5.2741935484	1.935483871
CA001045	7.3967213115	5.3117647059	2.0849566056
CA001046	6.4537634409	4.5607594937	1.8930039472
CA001047	7.0274193548	3.9725806452	3.0548387097
CA001048	2.6823529412	-0.464516129	3.1468690702
CA001054	7.6827956989	6.3161290323	1.3666666667
CA001056	7.4	6.4483870968	0.9516129032
CA001057	7.8948275862	7.1010989011	0.7937286851
CA00105P	7.7291666667	6.4230769231	1.3060897436
CA001060	7.8289617486	5.6644444444	2.1645173042
CA001061	6.8633333333	4.235483871	2.6278494624
CA001062	7.9525641026	6.6838709677	1.2686931348
CA001063	7.6718954248	6.3078431373	1.3640522876
CA001064	6.4160493827	3.0552845528	3.3607648299
CA001066	7.9538461538	5.9366666667	2.0171794872
CA001067	2.8451612903	1.3887096774	1.4564516129
CA001068	4.5554347826	3.297826087	1.2576086957
CA00106D	4.675	3.125	1.55
CA001072	0.8928571429	-1.25	2.1428571429
CA001073	1.0333333333	-0.892857143	1.9261904762
CA001075	2.4032258065	0.7903225806	1.6129032258
CA001077	-0.515686275	-2.354237288	1.8385510136
CA00107G	-1.032258065	-1.370967742	0.3387096774
CA001085	0.5032258065	-2.088709677	2.5919354839
CA001086	0.3806451613	-3.035483871	3.4161290323
CA001088	3.5677419355	1.1064516129	2.4612903226
CA001090	-1.306451613	-1.629032258	0.3225806452
CA001091	-1.141935484	-3.470967742	2.3290322581
CA001092	-0.677083333	-1.969387755	1.2923044218
CA001093	-0.511111111	-2.385714286	1.8746031746
CA001095	-0.064516129	-1.25	1.185483871
CA001096	-0.274496644	-2.503267974	2.2287713296
CA001097	-0.403225806	-1.129032258	0.7258064516
CA001098	-1.040983607	-3.305454545	2.2644709389
CA00109A	-0.096774194	-1.951612903	1.8548387097
CA00109E	-0.14516129	-0.677419355	0.5322580645
CA001100	6.3258278146	3.0610738255	3.2647539891
CA001101	6.696124031	3.3299065421	3.366217489
CA001102	7.2362637363	5.03	2.2062637363
CA001103	5.92	3.7419354839	2.1780645161
CA001104	6.6612903226	3.435483871	3.2258064516
CA001105	6.7105263158	3.42	3.2905263158
CA001106	7.4666666667	5.1097826087	2.356884058
CA001107	7.806122449	5.7425925926	2.0635298564
CA001108	6.5232432432	4.3496932515	2.1735499917
CA00110N	5.6481481481	2.3392857143	3.3088624339
CA001113	5.2556818182	2.3582417582	2.8974400599
CA001114	4.1403225806	0.4630434783	3.6772791024
CA001123	2.2546961326	-0.654285714	2.9089818469
CA001125	2.9020689655	-0.709589041	3.6116580066
CA001126	2.4989247312	-0.967032967	3.4659576982
CA001128	0.460130719	-1.662	2.122130719
CA00112F	0.4806451613	-3.223333333	3.7039784946
CA00112G	2.1774193548	0.2032258065	1.9741935484
CA001135	1.1290322581	-1.64516129	2.7741935484
CA001140	0.7173913043	-1.958333333	2.6757246377
CA001141	2.4033333333	0.5	1.9033333333
CA001142	1.5564516129	0.4784946237	1.0779569892
CA001144	2.064516129	0.435483871	1.6290322581
CA001145	2.4185483871	0.7919354839	1.6266129032
CA001148	1.5193548387	-1.216666667	2.7360215054
CA00114B	2.2129032258	1.0032258065	1.2096774194
CA00114E	0.8448275862	-0.935483871	1.7803114572
CA001150	-1.833333333	-0.232142857	-1.601190476
CA001152	-1.412658228	-0.659701493	-0.752956735
CA001153	-2.523809524	-0.909090909	-1.614718615
CA001154	-1.625490196	-2.217391304	0.5919011083
CA001157	-1.109677419	-1.241935484	0.1322580645
CA001160	-0.255913978	-2.377419355	2.1215053763
CA001161	-1.51147541	-3.238983051	1.727507641
CA001162	-0.814516129	-2.072580645	1.2580645161
CA001163	1.844	-0.890322581	2.7343225806
CA001165	-0.85	-2.048387097	1.1983870968
CA001166	-1.161290323	-2.270786517	1.1094961943
CA001167	1.1935483871	-0.774193548	1.9677419355
CA001168	-0.347222222	-1.941860465	1.5946382429
CA00116C	0.2222222222	-3.520833333	3.7430555556
CA00116F	1.9677419355	-0.103571429	2.0713133641
CA00116Q	-2.342857143	-5.066666667	2.7238095238
CA001173	-2.14516129	-3	0.8548387097
CA001175	-0.983870968	-1.951612903	0.9677419355
CA001176	0.3333333333	-0.924137931	1.2574712644
CA001179	-4.570967742	-8.374193548	3.8032258065
CA00117R	-14.5	-3.793103448	-10.70689655
CA001181	2.5774193548	-4.88	7.4574193548
CA001182	-0.168	-2.723076923	2.5550769231
CA001183	-2.251612903	-6.689830508	4.4382176052
CA001184	-1.803333333	-4.218032787	2.4146994536
CA001187	-0.35	-6.3375	5.9875
CA001192	-6.715294118	-11.55172414	4.8364300203
CA00119B	-4.374193548	-7.274193548	2.9
CA001200	0.0806451613	-6.166666667	6.247311828
CA001206	1.064516129	-3.161290323	4.2258064516
CA002100	-11.04604651	-16.77582583	5.7297793142
CA002101	-4.038536585	-10.92488479	6.8863482073
CA002200	-22.77719298	-26.48709677	3.7099037917
CA002201	-15.9655914	-21.2109375	5.2453461022
CA002202	-18.48350515	-21.99775561	3.5142504563
CA002203	-18.36637168	-25.47428571	7.1079140329
CA002204	-16.91505376	-22.15196078	5.2369070209
CA00220B	-22.77017544	-27.30645161	4.5362761743
CA00220L	-21.12807018	-25.31698113	4.1889109566
CA00220N	-18.80322581	-22.79354839	3.9903225806
CA002300	-24.95395683	-28.24674556	3.2927887276
CA002301	-23.55753425	-27.13777778	3.5802435312
CA002302	-30.39021739	-30.42266667	0.0324492754
CA002303	-29.72295082	-30.26883117	0.5458803492
CA00230J	-22.64074074	-25.13548387	2.4947431302
CA00230N	-22.19090909	-27.58928571	5.3983766234
CA002400	-21.12611465	-21.56709324	0.4409785862
CA002401	-26.15901639	-27.03225806	0.8732416711
CA002402	-21.08865248	-23.88272251	2.7940700308
CA002403	-26.69266055	-26.24897361	-0.443686943
CA002500	-27.8	-27.4483871	-0.351612903
CA002502	-25.32258065	-27.60967742	2.2870967742
CA002503	-28.30166667	-29.015	0.7133333333
CA00250M	-28.58333333	-27.62580645	-0.957526882
CA003010	-3.245345345	-5.625227964	2.3798826182
CA003011	-1.585549133	-4.2	2.6144508671
CA003012	-2.346153846	-5.073482428	2.727328582
CA003013	-4.692881356	-7.560333333	2.8674519774
CA003014	-3.741721854	-6.206666667	2.4649448124
CA003015	-4.331271478	-7.198422713	2.8671512353
CA003016	-3.697270471	-6.559541985	2.8622715133
CA003017	-0.660714286	-4.476666667	3.815952381
CA00301A	-0.617241379	-3.716129032	3.0988876529
CA00301B	-4.425806452	-5.785714286	1.3599078341
CA00301F	-0.636363636	-4.145833333	3.509469697
CA00301S	-5.335483871	-7.85483871	2.5193548387
CA003020	-2.496521739	-4.551239669	2.0547179303
CA003021	-3.89516129	-6.242622951	2.3474616605
CA003022	-2.8	-4.574193548	1.7741935484
CA003023	-0.993377483	-3.503896104	2.5105186205
CA003024	-2.265333333	-4.199328859	1.9339955257
CA003025	-2.391780822	-4.450561798	2.0587809758
CA003026	-0.591549296	-1.97027027	1.3787209745
CA003027	0.5740740741	-0.968	1.5420740741
CA003030	1.6188741722	-0.317549669	1.9364238411
CA003031	3.2724137931	1.2251207729	2.0472930202
CA003032	1.9025104603	-0.406967213	2.3094776734
CA003033	2.6673333333	0.5817567568	2.0855765766
CA003034	0.72890625	-0.213432836	0.9423390858
CA003035	0.6894514768	-0.804032258	1.4934837349
CA003036	1.3224852071	-0.305142857	1.6276280642
CA003037	1.7426229508	0.1306451613	1.6119777895
CA00303M	0.7096774194	-0.306451613	1.0161290323
CA003042	1.6838709677	1.1193548387	0.564516129
CA003044	1.1125827815	-0.906493506	2.019076288
CA003045	0.6096774194	-1.474193548	2.0838709677
CA003050	1.2891891892	0.6337278107	0.6554613785
CA003051	1.2870967742	0.9709677419	0.3161290323
CA003053	1.0986486486	-0.788888889	1.8875375375
CA003054	2.9161290323	-0.193548387	3.1096774194
CA003055	2.5	1.57	0.93
CA003056	2.586440678	1.6949152542	0.8915254237
CA00305M	-3.024137931	-4.572727273	1.5485893417
CA003060	-1.902678571	-4.935245902	3.0325673302
CA003061	-3.75483871	-5.92295082	2.16811211
CA003062	-2.718137255	-5.785074627	3.066937372
CA003063	-2.088888889	-6.126966292	4.0380774032
CA003064	-10.83548387	-13.34516129	2.5096774194
CA003065	-4.18902439	-8.01744186	3.8284174702
CA003066	-3.768333333	-7.063333333	3.295
CA003067	-0.541935484	-3.887096774	3.3451612903
CA00306G	1.1233333333	-2.262068966	3.3854022989
CA003070	-3.055882353	-5.137209302	2.0813269494
CA003072	-11.17055556	-11.97037037	0.7998148148
CA003073	-6.949717514	-11.23770492	4.2879874039
CA003074	-4.544262295	-9.178688525	4.6344262295
CA003075	-1.92173913	-5.817791411	3.8960522806
CA003076	-1.032183908	-5.187912088	4.1557281799
CA00307K	-13.79677419	-17.41724138	3.6204671858
CA003081	-6.843548387	-9.677419355	2.8338709677
CA004010	-8.213636364	-8.513793103	0.3001567398
CA004011	-7.520833333	-9.14	1.6191666667
CA004012	-7.361290323	-8.019354839	0.6580645161
CA004013	-10.69672131	-9.818333333	-0.878387978
CA004014	-10.72919708	-11.00268456	0.2734874835
CA004015	-8.439516129	-9.903597122	1.4640809933
CA004016	-9.23625	-9.334677419	0.0984274194
CA004018	-9.077419355	-9.467741935	0.3903225806
CA004019	-10.24238411	-10.74932432	0.5069402184
CA00401H	-7.441935484	-7.890322581	0.4483870968
CA004020	-4.216129032	-6.433870968	2.2177419355
CA004022	-7.41754386	-8.328333333	0.9107894737
CA004024	-2.531147541	-4.329032258	1.7978847171
CA004026	-7.064516129	-7.612903226	0.5483870968
CA004027	-7.032258065	-6.129032258	-0.903225806
CA004028	-4.243103448	-5.169491525	0.9263880771
CA00402D	-3.938709677	-5.783870968	1.8451612903
CA004031	-2.562295082	-4.2	1.637704918
CA004032	-2.961290323	-4.390322581	1.4290322581
CA004034	-3.45483871	-5.429032258	1.9741935484
CA004036	-4.141935484	-5.116129032	0.9741935484
CA004038	0.1117647059	-4.5125	4.6242647059
CA004040	-6.788461538	-7.863636364	1.0751748252
CA004041	-7.413793103	-9.1	1.6862068966
CA004044	-4.741935484	-7.919354839	3.1774193548
CA004045	-8.301754386	-8.021818182	-0.279936204
CA004046	-6.229032258	-7.474193548	1.2451612903
CA004047	-6.219298246	-9.289655172	3.0703569268
CA004048	-7.730769231	-9.365384615	1.6346153846
CA004055	-8.886885246	-10.17903226	1.2921470122
CA004056	-7.733333333	-11.91935484	4.1860215054
CA004057	-8.609677419	-10.06774194	1.4580645161
CA004060	-9.498360656	-11.83392857	2.3355679157
CA004061	-19.7452381	-20.13181818	0.3865800866
CA004063	-15.93687943	-16.88547009	0.9485906528
CA004064	-10.13548387	-12.92795699	2.7924731183
CA004067	-12.69354839	-15.68953488	2.9959864966
CA004068	-12.41219512	-14.71052632	2.2983311938
CA00406N	-8.86	-10.26451613	1.404516129
CA00406Q	-19.83870968	-20.92727273	1.0885630499
CA00407N	-11.81612903	-13.60645161	1.7903225806
CA004083	-12.5	-12.81315789	0.3131578947
CA004085	-10.48214286	-5.5	-4.982142857
CA004086	-12.72580645	-13.99193548	1.2661290323
CA005010	-11.42472527	-10.81067416	-0.614051117
CA005012	-11.77428571	-11.45108696	-0.323198758
CA005013	-12.7516129	-11.83548387	-0.916129032
CA00501A	-8.761290323	-8.980645161	0.2193548387
CA005020	-11.65402299	-10.06021505	-1.593807935
CA005021	-11.49596774	-10.0661157	-1.429852039
CA005022	-12.64891304	-10.70108696	-1.947826087
CA005023	-12.60967742	-10.45333333	-2.156344086
CA00502I	-11.63870968	-9.832258065	-1.806451613
CA00502S	-13.52580645	-11.10322581	-2.422580645
CA005030	-15.83225806	-14.05645161	-1.775806452
CA005031	-14.2747619	-12.28067633	-1.994085576
CA005032	-14.13333333	-11.35	-2.783333333
CA00503B	-14.16774194	-11.14193548	-3.025806452
CA005040	-12.0925	-11.79333333	-0.299166667
CA005041	-13.0483871	-13.32258065	0.2741935484
CA005043	-11.03870968	-10.42903226	-0.609677419
CA00504K	-13.2704918	-12.81129032	-0.459201481
CA005050	-16.10333333	-16.49462366	0.3912903226
CA005052	-15.53225806	-15.88225806	0.35
CA005060	-21.09659091	-22.07468354	0.9780926352
CA005061	-20.6130719	-19.94489796	-0.668173936
CA005062	-21.29491525	-20.55735294	-0.737562313
CA006010	-20.24	-18.22207792	-2.017922078
CA006012	-18.06166667	-16.5245614	-1.537105263
CA006014	-18.18387097	-15.57419355	-2.609677419
CA006015	-19.65357143	-16.34	-3.313571429
CA006016	-19.10483871	-16.17176471	-2.933074004
CA006017	-19.19655172	-15.67407407	-3.52247765
CA006020	-13.4637931	-9.233898305	-4.229894798
CA006022	-13.44193548	-9.153333333	-4.288602151
CA006025	-14.31666667	-8.838709677	-5.477956989
CA006032	-16.06451613	-9.092592593	-6.971923536
CA006034	-15.40483871	-11.06825397	-4.336584741
CA006036	-15.38333333	-10.08064516	-5.302688172
CA006037	-15.9425	-11.62258065	-4.319919355
CA006040	-15.56129032	-12.1962963	-3.364994026
CA006041	-13.07419355	-4.326315789	-8.747877759
CA006042	-13.65645161	-9.006451613	-4.65
CA006046	-10.61935484	-6.864516129	-3.75483871
CA006048	-12.10823529	-5.6775	-6.430735294
CA006049	-13.93010753	-8.453488372	-5.476619155
CA006057	-8.822580645	-2.960869565	-5.86171108
CA006059	-10.61612903	-6.370967742	-4.24516129
CA00605D	-7.738709677	-2.522580645	-5.216129032
CA006061	-12.21612903	-7.496774194	-4.719354839
CA006065	-8.016129032	-4.403225806	-3.612903226
CA006068	-10.46290323	-6.538709677	-3.924193548
CA006070	-13.48387097	-10	-3.483870968
CA006072	-12.2754717	-8.883928571	-3.391543127
CA006073	-13.87903226	-10.44193548	-3.437096774
CA006074	-12.32580645	-9.174193548	-3.151612903
CA006075	-14.88842975	-12.11826087	-2.770168883
CA006078	-13.08709677	-9.186885246	-3.900211528
CA006080	-8.5	-2.883333333	-5.616666667
CA006085	-9.520512821	-4.65	-4.870512821
CA006092	-7.622580645	-2.335483871	-5.287096774
CA006093	-5.619354839	0.6153846154	-6.234739454
CA006097	-7.451612903	-3.241935484	-4.209677419
CA006100	-5.567777778	-1.57311828	-3.994659498
CA006101	-6.150943396	-3.807692308	-2.343251089
CA006102	-5.532258065	-2.883333333	-2.648924731
CA006103	-4.870967742	-1.580645161	-3.290322581
CA006104	-4.874712644	-0.355844156	-4.518868488
CA006105	-6.429032258	-3.072527473	-3.356504786
CA006106	-7.358695652	-3.946236559	-3.412459093
CA00610F	-7.467741935	-5.129032258	-2.338709677
CA006110	-6.662068966	-2.174324324	-4.487744641
CA006111	-5.85483871	-0.198888889	-5.655949821
CA006112	-7.709677419	-3.629032258	-4.080645161
CA006114	-6.976363636	-0.931034483	-6.045329154
CA006115	-4.346153846	-0.646153846	-3.7
CA006116	-7.227173913	-1.903389831	-5.323784083
CA006117	-6.246666667	-0.843548387	-5.40311828
CA006119	-5.777419355	-0.232258065	-5.54516129
CA00611B	-4.807407407	1.3366666667	-6.144074074
CA00611E	-6.203225806	0.4516129032	-6.65483871
CA006121	-4.612903226	0.235483871	-4.848387097
CA006122	-4.790322581	0.9033333333	-5.693655914
CA006124	-3.7	0.38	-4.08
CA006126	-4.725806452	0.2580645161	-4.983870968
CA006127	-4.271186441	1.2916666667	-5.562853107
CA006128	-5.483870968	-0.723333333	-4.760537634
CA00612H	-4.45	1.4516129032	-5.901612903
CA006130	-3.307692308	1.2222222222	-4.52991453
CA006131	-4.233333333	0.0078947368	-4.24122807
CA006132	-4.107142857	0.3	-4.407142857
CA006133	-3.564516129	1.8112903226	-5.375806452
CA006134	-3.314754098	1.1481481481	-4.462902247
CA006135	-3.935483871	0.935483871	-4.870967742
CA006136	-2.027586207	3.0109090909	-5.038495298
CA006137	-3.36509434	1.2669565217	-4.632050861
CA006138	-3.709677419	1.3870967742	-5.096774194
CA006139	-3.117777778	2.6276470588	-5.745424837
CA00613K	-3.396774194	1.2387096774	-4.635483871
CA006142	-5.832773109	-0.823870968	-5.008902142
CA006143	-5.941935484	0.4266666667	-6.368602151
CA006144	-5.090217391	0.2134831461	-5.303700537
CA006145	-7.04516129	-0.5	-6.54516129
CA006147	-5.85	0.8214285714	-6.671428571
CA006148	-5.613207547	0.2407407407	-5.853948288
CA006149	-5.571428571	0.3	-5.871428571
CA006150	-4.612068966	-0.137096774	-4.474972191
CA006151	-3.349450549	0.7938053097	-4.143255859
CA006152	-5.222222222	0.575	-5.797222222
CA006153	-4.398913043	0.2075	-4.606413043
CA006155	-4.047457627	1.0773913043	-5.124848931
CA006156	-2.774193548	1.2466666667	-4.020860215
CA006157	-5.306451613	0.4193548387	-5.725806452
CA006158	-3.423308271	1.6941935484	-5.117501819
CA006159	-6.261290323	-0.14516129	-6.116129032
CA00615E	-3.4	0.9967741935	-4.396774194
CA00615H	-4.906451613	1.3	-6.206451613
CA00615S	-4.467741935	0.8548387097	-5.322580645
CA006161	-6.840909091	-3.166666667	-3.674242424
CA006163	-7.290322581	-2.629032258	-4.661290323
CA006166	-5.003571429	0.031147541	-5.03471897
CA00616I	-6.920689655	-0.380769231	-6.539920424
CA007011	-4.934920635	-4.008695652	-0.926224983
CA007013	-8.865384615	-6.56	-2.305384615
CA007014	-6.601666667	-3.565714286	-3.035952381
CA007015	-8.578723404	-7.467346939	-1.111376465
CA007016	-6.909395973	-4.313380282	-2.596015691
CA007017	-7.244444444	-5.618627451	-1.625816993
CA007018	-7.172826087	-5.202083333	-1.970742754
CA00701L	-7.287272727	-4.405882353	-2.881390374
CA00701Q	-6.937096774	-5.012903226	-1.924193548
CA00701S	-7.429032258	-5.880645161	-1.548387097
CA007020	-5.973287671	-3.673484848	-2.299802823
CA007021	-5.654716981	-4.237735849	-1.416981132
CA007022	-5.216326531	-2.632941176	-2.583385354
CA007023	-5.581927711	-2.775824176	-2.806103535
CA007024	-5.41031746	-3.735930736	-1.674386724
CA007025	-6.402836879	-3.81294964	-2.589887239
CA007026	-4.49	-2.407142857	-2.082857143
CA007027	-6.06080402	-3.871004942	-2.189799078
CA007028	-5.955502392	-4.430985915	-1.524516477
CA00702F	-5.253571429	-3.184090909	-2.069480519
CA00702L	-5.325806452	-2.793548387	-2.532258065
CA00702S	-5.732258065	-3.170967742	-2.561290323
CA007030	-7.26744186	-3.402083333	-3.865358527
CA007031	-6.685897436	-2.448529412	-4.237368024
CA007033	-6.944827586	-4.721590909	-2.223236677
CA007034	-7.255	-3.380357143	-3.874642857
CA007035	-5.64516129	-3.442028986	-2.203132305
CA007036	-9.027777778	-5.575	-3.452777778
CA007037	-7.4925	-4.44047619	-3.05202381
CA007038	-7.347457627	-4.90625	-2.441207627
CA00703G	-7.280645161	-4.370967742	-2.909677419
CA007040	-7.885714286	-7.87752809	-0.008186196
CA007041	-7.891847826	-6.873913043	-1.017934783
CA007042	-8.690361446	-6.908333333	-1.782028112
CA007043	-6.980232558	-6.653932584	-0.326299974
CA007044	-3.25	-4.9375	1.6875
CA007045	-7.503571429	-7.246153846	-0.257417582
CA007046	-7.125	-5.795	-1.33
CA007047	-9.733898305	-9.044067797	-0.689830508
CA00704C	-13.13870968	-14.63225806	1.4935483871
CA00704F	-7.927272727	-7.157142857	-0.77012987
CA00704Q	-7.551612903	-7.723333333	0.1717204301
CA00704S	-9.776	-7.880645161	-1.895354839
CA007050	-8.283870968	-7.723333333	-0.560537634
CA007051	-6.220512821	-5.743801653	-0.476711168
CA007053	-4.919642857	-5.05505618	0.1354133226
CA007054	-6.996428571	-5.074193548	-1.922235023
CA007055	-6.598387097	-5.858064516	-0.740322581
CA007056	-7.332450331	-6.039869281	-1.29258105
CA007057	-8.817567568	-5.289534884	-3.528032684
CA00705L	-5.953333333	-4.987096774	-0.966236559
CA00705S	-6.273333333	-5.980645161	-0.292688172
CA007060	-10.37254902	-10.94	0.5674509804
CA007061	-12.42711864	-11.475	-0.952118644
CA007063	-9.28030303	-8.034246575	-1.246056455
CA007064	-9.583870968	-8.14516129	-1.438709677
CA007065	-10.73220339	-9.067826087	-1.664377303
CA007066	-9.985964912	-7.790384615	-2.195580297
CA007067	-10.48275862	-8.12962963	-2.353128991
CA00706I	-15.12580645	-15.59245283	0.4666463786
CA00706Q	-10.45483871	-8.1	-2.35483871
CA007072	-7.982758621	-5.111111111	-2.87164751
CA007075	-11.22903226	-8.612903226	-2.616129032
CA007077	-7.579166667	-5.06744186	-2.511724806
CA00707D	-9.158064516	-6.822580645	-2.335483871
CA007080	-8.346666667	-5.548275862	-2.798390805
CA007085	-12.55882353	-4.25	-8.308823529
CA007086	-12.66451613	-9.938709677	-2.725806452
CA007091	-14.46981132	-12.23461538	-2.235195936
CA007093	-17.48850575	-13.71451613	-3.773989618
CA007094	-14.24262295	-11.74545455	-2.497168405
CA007098	-11.91956522	-10.202	-1.717565217
CA00709C	-13.76086957	-13.05	-0.710869565
CA007103	-17.935	-16.92	-1.015
CA00710S	-19.71666667	-19.98666667	0.27
CA007113	-16.37419355	-16.81935484	0.4451612903
CA007115	-20.54516129	-23.72758621	3.1824249166
CA007116	-18.74827586	-20.56	1.8117241379
CA007117	-16.51111111	-16.26904762	-0.242063492
CA008100	-4.633548387	-4.957837838	0.3242894507
CA008101	-3.575	-3.229032258	-0.345967742
CA008102	-3.097701149	-4.203448276	1.1057471264
CA008103	-3.103296703	-3.875268817	0.7719721139
CA008104	-3.188157895	-3.363333333	0.1751754386
CA008105	-7.728070175	-5.225806452	-2.502263724
CA00810I	-6.835483871	-6.148387097	-0.687096774
CA008200	1.0339869281	0.1058823529	0.9281045752
CA008201	-0.646774194	-1.806593407	1.159819213
CA008202	0.6174358974	-0.754726368	1.3721622656
CA008203	-0.494915254	-3.131818182	2.6369029276
CA008204	0.8080808081	-1.338565022	2.1466458305
CA008205	0.339869281	-1.474675325	1.8145446057
CA008206	1.2581967213	0.9074380165	0.3507587048
CA008300	-1.882170543	-3.742348754	1.8601782118
CA00830P	-2.1	-3.961290323	1.8612903226
CA008400	0.2438502674	-1.327118644	1.5709689114
CA008401	-2.203133159	-3.454347826	1.2512146668
CA008402	-2.258823529	-2.89380531	0.6349817803
CA008403	-1.55	-3.07807309	1.5280730897
CA008404	-0.298913043	-1.308064516	1.0091514727
CA00840B	-0.296774194	0.6	-0.896774194
CA008500	-14.57166667	-16.67096774	2.0993010753
CA008501	-10.88111111	-10.75243902	-0.128672087
CA008502	-11.59558824	-11.83214286	0.2365546218
CA008503	-12.47894737	-13.23275862	0.7538112523
CA008504	-16.14666667	-16.24193548	0.0952688172
CAW00064	-6.348387097	0.2967741935	-6.64516129
CD000004	35.581632653	36.341818182	-0.760185529
CE000043	32.2	31.429032258	0.7709677419
CE000434	19.748275862	19.880645161	-0.132369299
CEM00043	30.181355932	29.835897436	0.3454584963
CF000004	30.788888889	31.362222222	-0.573333333
CF000064	32.942857143	32.652380952	0.2904761905
CFM00064	31.5015625	32.479245283	-0.977682783
CGM00064	31.24	31.584848485	-0.344848485
CHM00050	-14.85984991	-17.95662432	3.0967744132
CHM00051	-2.364661654	-3.287114338	0.9224526834
CHM00052	0.8572815534	-1.195066414	2.0523479671
CHM00053	2.0987804878	-1.705263158	3.8040436457
CHM00054	-0.781845842	-5.324175824	4.5423299824
CHM00055	0.8409836066	0.0516304348	0.7893531718
CHM00056	10.119002375	9.32734375	0.7916586253
CHM00057	11.812917271	8.8433557047	2.9695615667
CHM00058	12.570238095	8.9762684124	3.5939696828
CHM00059	20.593439364	18.53040153	2.0630378342
CI000085	23.628643216	24.266666667	-0.638023451
CIM00085	28.557894737	27.463917526	1.0939772111
CJW00011	28.865384615	29.8	-0.934615385
CK000096	29.942857143	30.317241379	-0.374384236
CM000004	33.094117647	33.510526316	-0.416408669
CM000064	31.331578947	32.318181818	-0.986602871
CMM00064	35.725	35.864285714	-0.139285714
CO000080	27.535185185	28.617307692	-1.082122507
COM00080	31.224620061	31.310526316	-0.085906255
CQC00914	28.983870968	28.248387097	0.735483871
CS000078	33.886363636	33.991304348	-0.104940711
CS000081	29.809090909	29.844	-0.034909091
CSM00078	28.828571429	29.311538462	-0.482967033
CT000004	32.522222222	34.298	-1.775777778
CTM00064	33.381818182	33.383018868	-0.001200686
CUM00078	27.83877551	28.355238095	-0.516462585
CUW00011	30.244	29.806666667	0.4373333333
CVM00008	25.532894737	25.505063291	0.0278314457
CWM00091	30.094444444	28.93	1.1644444444
CY000176	18.865	16.966666667	1.8983333333
DA000032	2.9111111111	2.2838709677	0.6272401434
DAM00006	5.585106383	5.0551020408	0.5300043422
DRM00078	30.345	29.927368421	0.4176315789
EC000000	29.840909091	30.111538462	-0.270629371
ECM00084	25.347089947	25.266527197	0.0805627504
EG000062	23.120833333	22.489361702	0.6314716312
EGM00062	23.072463768	21.062427746	2.0100360225
EI000003	8.6876404494	8.28	0.4076404494
EIE00107	8.8919354839	8.3903225806	0.5016129032
EIM00003	8.4956140351	7.9603603604	0.5352536747
EN000026	-3.741162228	-2.344927536	-1.396234691
ENE00100	-1.083870968	0.2580645161	-1.341935484
ET000063	26.5578125	25.381481481	1.1763310185
EUM00061	31.229032258	32.038709677	-0.809677419
EZ000011	0.2	-2.668421053	2.8684210526
EZM00011	3.4596685083	-1.103468208	4.5631367164
FG000081	29.470588235	30.210526316	-0.73993808
FGM00081	30.777777778	31.081666667	-0.303888889
FI000000	-3.922580645	-2.751612903	-1.170967742
FI000002	-6.462903226	-3.940322581	-2.522580645
FI000007	-10.53225806	-7.470967742	-3.061290323
FIE00141	-1.515322581	-0.935309973	-0.580012608
FIE00142	-4.544588344	-2.865339367	-1.679248978
FIE00143	-6.585677419	-3.880670103	-2.705007316
FIE00144	-7.013940092	-4.536621196	-2.477318896
FIE00145	-7.337263626	-4.931848552	-2.405415074
FIE00146	-10.6801964	-6.504173486	-4.176022913
FIM00002	-11.20416667	-4.504761905	-6.699404762
FJ000091	32.062121212	31.302272727	0.7598484848
FJM00091	32.498148148	31.936363636	0.5617845118
FKM00088	15.222222222	18.015789474	-2.793567251
FMW00040	30.810752688	30.710752688	0.1
FP000091	29.692647059	28.470714286	1.2219327731
FPM00091	30.183333333	30.833333333	-0.65
FR000007	10.217156863	7.3876777251	2.8294791376
FR069029	9.825	6.312	3.513
FRE00104	10.758181818	8.4672413793	2.2909404389
FRM00007	10.545843829	7.7197414806	2.8261023481
FRM00061	10.303448276	12.463333333	-2.159885057
FSM00061	18.442622951	21.334444444	-2.891821494
GAM00061	31.642857143	32.347619048	-0.704761905
GB000004	30.038461538	30.753846154	-0.715384615
GBM00064	31.251111111	31.672815534	-0.421704423
GG000037	6.9449612403	7.3258064516	-0.380845211
GIM00008	16.540909091	17.321052632	-0.780143541
GL000004	-7.961363636	-7.044615385	-0.916748252
GLE00146	-5.882608696	-8.366304348	2.4836956522
GLE00147	-3.033333333	-2.927642276	-0.105691057
GLM00004	-1.790625	-2.18125	0.390625
GLW00017	-11.87857143	-16.42631579	4.5477443609
GM000001	4.9258064516	2.9193548387	2.0064516129
GM000002	7.364516129	2.8774193548	4.4870967742
GM000003	3.2903225806	2.2268817204	1.0634408602
GM000004	2.9653225806	0.1766129032	2.7887096774
GM000010	3.9956989247	1.7774193548	2.2182795699
GME00102	4.3941687345	2.1639187575	2.230249977
GME00111	5.3016129032	2.1247311828	3.1768817204
GME00114	0.2612903226	-3.683870968	3.9451612903
GME00115	7.1193548387	3.6741935484	3.4451612903
GME00120	4.4064516129	1.5861751152	2.8202764977
GME00121	4.5724340176	2.0222910217	2.5501429959
GMW00034	7.6258064516	4.1677419355	3.4580645161
GMW00035	7.3	3.635483871	3.664516129
GP000078	28.881818182	29.10952381	-0.227705628
GQW00041	29.864516129	29.529032258	0.335483871
GR000167	18	13.907692308	4.0923076923
GV000001	31.836363636	32.67	-0.833636364
HO000078	27.778787879	28.08	-0.301212121
HOM00078	28.138235294	28.426923077	-0.288687783
HR000142	8.3344827586	4.9161290323	3.4183537264
HRE00105	13.345833333	8.1400921659	5.2057411674
HRM00014	7.4833333333	3.9896551724	3.4936781609
HU000012	4.5619047619	4.4611111111	0.1007936508
HUM00012	5.7877358491	2.6545454545	3.1331903945
IC000004	3.9394230769	5.0520325203	-1.112609443
ICM00004	4.8735849057	4.8654545455	0.0081303602
ICW00016	3.5642857143	5.4666666667	-1.902380952
ID000096	28.433333333	31.187709497	-2.754376164
IDM00096	30.476404494	31.235823171	-0.759418676
IDM00097	31.286440678	31.593720266	-0.307279588
IN001020	31.632258065	33.416129032	-1.783870968
IN001050	30.5	30.580645161	-0.080645161
IN001080	29.108333333	31.981818182	-2.873484848
IN001090	30.5	31.548387097	-1.048387097
IN001111	30.005172414	31.374545455	-1.369373041
IN001120	31.851612903	33.629032258	-1.777419355
IN001160	30.66	31.84516129	-1.18516129
IN001190	28.177272727	29.147826087	-0.97055336
IN003020	25.368965517	25.177419355	0.1915461624
IN003041	25.548148148	24.573333333	0.9748148148
IN003050	25.816	24.837096774	0.9789032258
IN004011	18.863333333	16.856	2.0073333333
IN004051	21.376	22.586666667	-1.210666667
IN004091	24.051851852	24.903333333	-0.851481481
IN004102	20.1	20.796428571	-0.696428571
IN004122	23.774074074	23.19	0.5840740741
IN005010	26.27	27.169230769	-0.899230769
IN005100	28.425925926	29.003225806	-0.577299881
IN005120	26.613333333	28.206451613	-1.59311828
IN005150	27.386666667	28.977419355	-1.590752688
IN005171	29.225925926	30.993548387	-1.767622461
IN006031	20.193548387	19.073333333	1.1202150538
IN008010	5.66	7.7967741935	-2.136774194
IN009010	28.896774194	30.025806452	-1.129032258
IN009021	30.19	31.822580645	-1.632580645
IN009070	30.248387097	31.516129032	-1.267741935
IN009090	30.05483871	32.129032258	-2.074193548
IN009120	33.538709677	33.570967742	-0.032258065
IN009130	33.861290323	34.096774194	-0.235483871
IN010050	34.196774194	33.790322581	0.4064516129
IN010100	33.067741935	33.022580645	0.0451612903
IN011020	28.944444444	29.512903226	-0.568458781
IN011060	24.735714286	24.93	-0.194285714
IN011140	21.185714286	24.134482759	-2.948768473
IN011150	19.412903226	22.522580645	-3.109677419
IN011170	23.624	24.087096774	-0.463096774
IN011180	23.096153846	23.967741935	-0.871588089
IN011340	21.123333333	24.106451613	-2.98311828
IN011351	23.203333333	24.12	-0.916666667
IN012020	30.373333333	30.077419355	0.2959139785
IN012041	28.404166667	30.276666667	-1.8725
IN012070	30.448148148	30.703333333	-0.255185185
IN012141	28.64	29.555555556	-0.915555556
IN012190	29.706451613	31.016666667	-1.310215054
IN012201	31.703225806	31.990322581	-0.287096774
IN012230	31.580645161	33.7	-2.119354839
IN013010	25.083870968	24.3	0.7838709677
IN017010	27.067857143	26.470967742	0.5968894009
IN017111	29.117241379	29.458064516	-0.340823137
IN017121	28.385185185	28.232258065	0.1529271207
IN018103	19.229032258	18.174193548	1.0548387097
IN019040	23.77	25.088888889	-1.318888889
IN019070	23.41	24.512903226	-1.102903226
IN019120	20.186666667	19.292857143	0.8938095238
IN019131	21.412903226	23.393548387	-1.980645161
IN019140	23.029032258	25.293548387	-2.264516129
IN019180	24.364516129	24.609677419	-0.24516129
IN019191	20.177419355	23.65483871	-3.477419355
IN019261	21.91	23.516666667	-1.606666667
IN020020	30.135483871	31.226666667	-1.091182796
IN020031	30.851612903	32.003225806	-1.151612903
IN020040	29.956666667	30.856666667	-0.9
IN020100	28.840909091	29.530769231	-0.68986014
IN020120	28.940740741	29.996551724	-1.055810983
IN020130	31.032	33.027586207	-1.995586207
IN021010	25.468181818	24.929032258	0.5391495601
IN022021	20.241935484	19.658064516	0.5838709677
IN022030	33.148275862	33.513793103	-0.365517241
IN022043	28.953333333	29.767741935	-0.814408602
IN023101	18.703333333	18.2	0.5033333333
IN023160	21.193333333	20.822580645	0.3707526882
IN023261	19.741935484	18.99	0.7519354839
IN023351	19.923333333	20.671428571	-0.748095238
IN023550	19.973076923	21.49	-1.516923077
IN024141	24.679166667	25	-0.320833333
IN025010	31.727586207	31.596666667	0.1309195402
IN099990	32.696551724	33.603333333	-0.906781609
IN099999	30.025806452	30.534482759	-0.508676307
INM00042	20.237288136	20.752631579	-0.515343443
IR000040	9.4868686869	11.630909091	-2.144040404
IR000407	9.0962264151	10.663793103	-1.567566688
IR000408	15.77962963	18.289655172	-2.510025543
IRM00040	10.155489614	13.910586319	-3.755096705
IS000004	13.009677419	11.406896552	1.6027808676
IS000009	22.529166667	22.596153846	-0.066987179
ISE00105	20.18	19.503225806	0.6767741935
ISM00040	19.846428571	18.336	1.5104285714
IT000016	11.881879195	11.009248555	0.8726306397
IT000160	1.0923076923	-2.35	3.4423076923
IT000162	9.6777777778	8.6230769231	1.0547008547
ITM00016	11.096751412	9.9886583679	1.1080930445
ITW00033	17.24137931	16.114285714	1.1270935961
IV000005	33.918823529	34.587058824	-0.668235294
IV000065	31.726415094	32.616666667	-0.890251572
IVM00065	33.439285714	34.209027778	-0.769742063
JA000047	7.9038987865	6.6616873065	1.24221148
JAM00047	17.880555556	17.804385965	0.0761695906
JAW00042	20.173076923	19.796	0.3770769231
JM000078	30.86	31.006896552	-0.146896552
JMM00078	31.483333333	32.13	-0.646666667
JOM00040	17.231343284	16.542574257	0.6887690262
KE000063	31.867021277	31.486111111	0.3809101655
KG000036	-3.959302326	-5.093023256	1.1337209302
KG000038	4.5165217391	4.5091666667	0.0073550725
KNM00047	-0.210747664	-3.288995215	3.0782475518
KR000091	31.368181818	31.307142857	0.061038961
KS000047	4.9090909091	2.9094117647	1.9996791444
KSM00047	6.756779661	4.1966244726	2.5601551884
KT000096	28.544	28.726666667	-0.182666667
KU000405	18.379166667	21.9125	-3.533333333
KZ000028	-13.86369863	-12.29632353	-1.567375101
KZ000029	-13.48064516	-12.82368421	-0.656960951
KZ000034	-6.504545455	-3.688888889	-2.815656566
KZ000035	-10.79709091	-6.866410749	-3.930680161
KZ000036	-6.690397351	-6.251864407	-0.438532944
KZ000038	1.0540441176	3.3825783972	-2.32853428
KZM00035	-13.188	-9.67	-3.518
LAM00048	27.75971223	29.876190476	-2.116478246
LAW00041	29.638461538	30.46	-0.821538462
LEM00040	17.96744186	16.592307692	1.3751341682
LG000026	-4.622492401	-3.905679012	-0.716813389
LH000026	-5.074336283	-4.774666667	-0.299669617
LO000011	3.68	-0.883870968	4.5638709677
LOE00105	6.7	2.2709677419	4.4290322581
LOE00116	4.212	-0.790322581	5.0023225806
LOM00011	5.1078431373	0.8784313725	4.2294117647
LU000006	5.9774193548	1.81	4.1674193548
LY000062	21.364285714	20.246153846	1.1181318681
LYE00147	18.90620155	18.012844037	0.8933575137
LYM00062	20.27357513	18.714529915	1.559045215
MA000067	30.667669173	31.312903226	-0.645234053
MAM00067	29.9125	30.468041237	-0.555541237
MCM00045	19.582142857	19.678571429	-0.096428571
MD000033	2.2111111111	0.8576923077	1.3534188034
MFM00067	31.121052632	31.817241379	-0.696188748
MG000044	-10.42259136	-13.7447099	3.3221185355
MGM00044	-10.73391116	-15.18348018	4.4495690169
MJM00013	11.013043478	9.2069565217	1.8060869565
MK000013	5.7217391304	3.6192307692	2.1025083612
MKE00100	6.7344827586	6.4678571429	0.2666256158
MKM00013	7.3230769231	7.1037037037	0.2193732194
ML000061	34.550819672	30.633333333	3.9174863388
MLM00061	34.462769231	30.792307692	3.6704615385
MO000060	16.507692308	16.594805195	-0.087112887
MOE00147	16.675675676	16.252941176	0.4227344992
MOM00060	17.486324786	18.056737589	-0.570412802
MP000061	30.408064516	29.684297521	0.7237669955
MR000001	30.46875	30.114141414	0.3546085859
MR000061	26.954166667	26.898823529	0.0553431373
MRM00061	27.536956522	27.981632653	-0.444676131
MT000016	16.896153846	16.203571429	0.6925824176
MU000041	19.532142857	21.279032258	-1.746889401
MUM00041	23.473726115	24.893267652	-1.419541537
MV000043	31.018181818	31.307692308	-0.28951049
MX000003	28.605660377	25.016363636	3.589296741
MX000005	22.156521739	21.973913043	0.1826086957
MX000008	19.564285714	15.728	3.8362857143
MX000014	24.952631579	25.685714286	-0.733082707
MX000016	26.874074074	27.454166667	-0.580092593
MX000017	26.930769231	28	-1.069230769
MX000023	29.442857143	30.952	-1.509142857
MX000025	31.395652174	29.33	2.0656521739
MX000028	24.323076923	26.58	-2.256923077
MX000029	21.286666667	22.721052632	-1.434385965
MX000076	27.12970297	27.857843137	-0.728140167
MX000766	22.135	22.761111111	-0.626111111
MX000768	31.31	32.026666667	-0.716666667
MXM00076	25.998765432	26.368818514	-0.370053082
MZ000067	31.347058824	30.725773196	0.6212856277
MZM00067	30.2	30.4	-0.2
NC000091	29.824	28.830434783	0.9935652174
NCW00082	27.97	27.8375	0.1325
NEM00091	30.08	31.3	-1.22
NG000001	33.018232044	32.430508475	0.5877235696
NG000061	30.937606838	30.2175	0.7201068376
NGM00061	33.011764706	32.565771812	0.4459928938
NH000091	30.682222222	30.319607843	0.3626143791
NHM00091	31.535238095	31.057	0.4782380952
NIM00065	33.832432432	34.69	-0.857567568
NLE00100	7.4661290323	3.9370967742	3.5290322581
NLE00101	7.3225806452	3.8419354839	3.4806451613
NLE00102	7.5413978495	3.8283870968	3.7130107527
NLE00108	7.9838709677	4.0258064516	3.9580645161
NLE00113	8.1443786982	5.5383480826	2.6060306156
NLE00152	7.7516129032	3.7806451613	3.9709677419
NLM00006	8.02	4.1428571429	3.8771428571
NO000001	-0.414516129	0.1741935484	-0.588709677
NO000014	4.9375	1.9714285714	2.9660714286
NO000050	5.235483871	2.7419354839	2.4935483871
NO000098	-2.65	1.40625	-4.05625
NO000099	0.3	-0.567741935	0.8677419355
NOE00104	0.9161290323	2.3290322581	-1.412903226
NOE00105	-2.251935484	-1.891935484	-0.36
NOE00109	-1.012903226	-1.731265509	0.7183622829
NOE00110	0.8037634409	-1.024462366	1.8282258065
NOE00111	-3.777777778	-1.691756272	-2.086021505
NOE00112	-0.984946237	-0.612903226	-0.372043011
NOE00133	0.0581885856	0.1987593052	-0.14057072
NOE00134	-0.673732719	-1.125513196	0.4517804776
NOE00135	0.2	-1.341935484	1.5419354839
NOM00001	-3.932173913	-4.934166667	1.0019927536
NP000444	18.823076923	18.9	-0.076923077
NPM00044	20.02	22.3	-2.28
NSM00081	30.934782609	32.082608696	-1.147826087
NTM00078	28.995121951	29.268292683	-0.273170732
NZ000093	22.250877193	23.152212389	-0.901335196
NZ000933	20.164516129	22.553333333	-2.388817204
NZ000936	22.511111111	24.92	-2.408888889
NZM00093	21.688181818	23.528037383	-1.839855565
PA000086	34.188059701	36.795061728	-2.607002027
PAM00086	34.435242291	34.375103734	0.0601385563
PE000084	28.405172414	28.504166667	-0.098994253
PEM00084	27.870183486	27.609677419	0.2605060669
PK000041	12.31	14.7925	-2.4825
PKM00041	19.743283582	19.955374593	-0.212091011
PL000012	-0.396363636	-0.690384615	0.294020979
PLM00012	-0.163783784	-0.897790055	0.7340062715
PO000008	15.963291139	15.942537313	0.0207538258
POM00008	16.085844749	16.547085202	-0.461240453
POW00013	17.37826087	18.266666667	-0.888405797
PSW00040	30.648387097	31.070967742	-0.422580645
PUM00061	32.673333333	31.98	0.6933333333
QAM00041	21.575	24.563636364	-2.988636364
REM00061	29.840909091	30.185185185	-0.344276094
RIE00100	9.2255813953	7.1644444444	2.0611369509
RIE00111	8.924137931	5.5111111111	3.4130268199
RMW00040	30.435483871	30.440322581	-0.00483871
ROE00100	3.3369565217	3.7135135135	-0.376556992
ROE00108	4.4331460674	4.3798611111	0.0532849563
ROM00015	-0.99	-4.175757576	3.1857575758
RP000098	28.815606936	29.535542169	-0.719935232
RP000982	28.904347826	30.066666667	-1.162318841
RP000986	27.456666667	29.236666667	-1.78
RPM00098	26.911191336	28.349363057	-1.438171722
RPW00041	29.13	29.432258065	-0.302258065
RQC00660	26.125688073	25.595049505	0.5306385684
RQC00662	30.003225806	29.0375	0.9657258065
RQC00663	29.741935484	28.316129032	1.4258064516
RQC00664	29.081451613	29.182022472	-0.100570859
RQC00665	28.331914894	28.642063492	-0.310148598
RQC00666	25.99516129	26.919354839	-0.924193548
RQC00667	32.34516129	31.490322581	0.8548387097
RQC00668	29.386046512	29.124	0.2620465116
RQC00669	28.248684211	27.3525	0.8961842105
RQW00011	29.573214286	29.116304348	0.4569099379
RS000034	-6.9125	-1.964516129	-4.947983871
RSM00020	-26.58888889	-21.26515152	-5.323737374
RSM00021	-30.74736842	-30.39135338	-0.356015038
RSM00022	-5.209090909	-6.764276885	1.555185976
RSM00023	-23.96315789	-20.61168254	-3.351475355
RSM00024	-37.84982143	-34.7	-3.149821429
RSM00025	-20.11231884	-20.97153061	0.8592117717
RSM00026	-5.26875	-5.964712644	0.6959626437
RSM00027	-10.38059701	-7.633559706	-2.747037309
RSM00028	-13.13275862	-12.43376489	-0.698993732
RSM00029	-12.32163814	-13.90175106	1.580112923
RSM00030	-17.07594544	-21.09303167	4.0170862309
RSM00031	-24.81162791	-18.9974558	-5.814172107
RSM00032	-3.935294118	-8.246871897	4.3115777791
RSM00034	-9.573809524	-1.644712644	-7.92909688
RSM00035	-17.25	-8.688167939	-8.561832061
RSM00036	-21.79074074	-11.57075893	-10.21998181
RSW00037	-29.86	-29.4	-0.46
RWM00064	30.74	29.742105263	0.9978947368
SA000041	29.407142857	29.588888889	-0.181746032
SAM00040	18.611494253	20.986703601	-2.375209348
SAM00041	25.679225352	26.318305085	-0.639079733
SBM00071	0.4	-0.007142857	0.4071428571
SE000063	29.710526316	29.5625	0.1480263158
SF000068	25.313529412	24.193181818	1.1203475936
SF000104	30.074193548	30.035714286	0.0384792627
SF000227	32.664516129	33.640740741	-0.976224612
SF000236	33.977272727	33.031034483	0.9462382445
SF000288	24.682758621	25.603448276	-0.920689655
SF000414	33.172413793	31.663636364	1.5087774295
SF000456	33.977419355	34.206666667	-0.229247312
SF000508	33.713793103	30.251724138	3.4620689655
SF000570	30.064516129	26.388888889	3.6756272401
SF000782	33.603333333	30.913793103	2.6895402299
SF000798	30.193103448	29.464	0.7291034483
SF000981	33.634482759	33.218518519	0.4159642401
SF001130	33.490322581	33.346428571	0.1438940092
SF001344	33.043333333	33.97	-0.926666667
SF001447	32.193548387	32.12	0.0735483871
SF001506	28.636666667	26.782608696	1.854057971
SF001753	33.4	34.342857143	-0.942857143
SF001771	28.948387097	28.7875	0.1608870968
SF002146	31.276666667	32.058064516	-0.781397849
SF002394	29.029032258	28.968181818	0.0608504399
SF002613	33.564516129	33.468965517	0.0955506118
SF002760	39.716666667	41.951612903	-2.234946237
SF002966	30.166666667	29.267857143	0.8988095238
SF003044	34.96	32.620689655	2.3393103448
SF003174	38.393548387	39.329032258	-0.935483871
SF003211	35.261290323	34.825	0.4362903226
SF003336	26.668965517	26.444444444	0.2245210728
SF003605	36.035483871	36.828571429	-0.793087558
SF003724	30.193548387	31.833333333	-1.639784946
SF004322	34.746153846	38.85	-4.103846154
SF004348	34.083870968	34.428571429	-0.344700461
SF004371	33.222580645	34.423333333	-1.200752688
SF004722	30.541935484	30.675	-0.133064516
SFM00068	29.666763006	29.571341463	0.0954215424
SG000001	34.161290323	33.43	0.7312903226
SG000061	31.0171875	32.054545455	-1.037357955
SGM00061	34.701818182	33.80787037	0.8939478114
SIE00105	-2.65483871	-4.270967742	1.6161290323
SIE00114	7.6032258065	3.876344086	3.7268817204
SIE00115	6.5746236559	3.9823655914	2.5922580645
SIM00014	7.7064516129	4.6290322581	3.0774193548
SNM00048	29.5	31.051851852	-1.551851852
SP000003	10.970967742	9.8548387097	1.1161290323
SP000004	15.187096774	14.509677419	0.6774193548
SP000006	18.125806452	18.374193548	-0.248387097
SP000007	18.423333333	18.896428571	-0.473095238
SP000008	12.357142857	12.143317972	0.2138248848
SP000009	14.167741935	14.606451613	-0.438709677
SP000060	15.523655914	16.76344086	-1.239784946
SPE00101	18.027419355	18.166129032	-0.138709677
SPE00119	14.241989664	13.710013351	0.5319763129
SPE00120	13.628856964	13.401439299	0.2274176653
SPM00008	17.523076923	18.952941176	-1.429864253
SPW00013	16.135	15.48125	0.65375
SPW00014	13.079310345	12.672	0.4073103448
SU000062	31.623451327	32.146428571	-0.522977244
SUM00062	33.473529412	33.883050847	-0.409521436
SV000001	-1.538709677	-5.403225806	3.864516129
SV000020	-1.9	-5.222580645	3.3225806452
SW000002	0.7	-0.2375	0.9375
SW000008	0.9125	-0.45	1.3625
SW000024	-0.929411765	-2.49375	1.5643382353
SWE00100	-5.86	-3.64	-2.22
SWE00115	-2.936842105	-4.215	1.2781578947
SWE00140	-5.642307692	-4.119148936	-1.523158756
SWM00002	0.8344827586	-1.443181818	2.2776645768
SXM00088	6.3473684211	7.3487804878	-1.001412067
SY000040	16.465517241	14.657142857	1.8083743842
SYM00040	14.670588235	12.984615385	1.6859728507
SZ000001	7.5483870968	3.6516129032	3.8967741935
SZ000002	-2.741935484	-5.338709677	2.5967741935
SZ000003	5.7096774194	2.6516129032	3.0580645161
SZ000006	-3.84516129	-5.164516129	1.3193548387
SZ000008	7.0870967742	4.1935483871	2.8935483871
SZ000009	7.5548387097	8.3451612903	-0.790322581
SZE00105	7.035483871	4.6709677419	2.364516129
SZE00116	5.964516129	3.3225806452	2.6419354839
SZM00006	0.35	2.3259259259	-1.975925926
TDM00078	31.581818182	30.946153846	0.6356643357
TEM00061	31.205882353	31.261111111	-0.055228758
TH000048	29.881818182	31.752493868	-1.870675686
THW00041	28.364516129	30.193548387	-1.829032258
TI000038	3.2709976798	3.8622568093	-0.59125913
TO000005	35.00862069	35.037931034	-0.029310345
TOM00065	36.921052632	34.739344262	2.1817083693
TS000060	16.140740741	16.871052632	-0.730311891
TSE00147	17.733333333	18.739285714	-1.005952381
TSM00060	17.346511628	16.711764706	0.634746922
TU000017	13.977272727	6.9430463576	7.0342263697
TUM00017	9.257027027	7.595018226	1.662008801
TV000091	31.613333333	32.152631579	-0.539298246
TX000038	9.2854085603	11.84935305	-2.56394449
TZ000063	29.575373134	29.970338983	-0.394965849
TZM00063	33.759090909	32.814285714	0.9448051948
UK000003	7.7894230769	3.2578947368	4.5315283401
UK000070	6.6538461538	5.2642857143	1.3895604396
UKM00003	8.0985436893	6.0134408602	2.0851028291
UKW00035	9.4071428571	4.2636363636	5.1435064935
UPM00033	-0.737271215	0.1511169514	-0.888388166
UPM00034	-3.154477612	0.7576687117	-3.912146324
US009052	-4.2	-3.712903226	-0.487096774
USC00010	9.2307901907	14.52125	-5.290459809
USC00011	10.802788845	16.264685315	-5.46189647
USC00012	10.290909091	15.858333333	-5.567424242
USC00013	9.096	14.631542056	-5.535542056
USC00014	10.520238095	16.512903226	-5.992665131
USC00015	9.2828220859	15.266847826	-5.98402574
USC00016	9.4670967742	14.728387097	-5.261290323
USC00017	8.3205645161	13.470833333	-5.150268817
USC00018	9.462633452	14.888235294	-5.425601842
USC00020	17.479141104	12.15781893	5.3213221743
USC00021	17.502681992	12.668679245	4.8340027471
USC00022	19.535	14.826359833	4.7086401674
USC00023	13.552955665	8.0169451074	5.5360105576
USC00024	17.777178423	12.753909465	5.0232689582
USC00025	16.849159664	11.5	5.3491596639
USC00026	17.496422182	11.803298611	5.6931235714
USC00027	18.336	12.531891892	5.8041081081
USC00028	16.985945946	11.571182266	5.4147636799
USC00029	18.0846875	12.925905292	5.1587822075
USC00030	8.7497512438	10.689315068	-1.939563825
USC00031	8.782112069	10.773737374	-1.991625305
USC00032	8.7896551724	10.594974874	-1.805319702
USC00033	7.5037190083	9.832388664	-2.328669656
USC00034	8.195389049	10.494705882	-2.299316833
USC00035	8.0397163121	10.345864662	-2.30614835
USC00036	8.2815068493	10.860227273	-2.578720423
USC00037	6.4344086022	9.7440860215	-3.309677419
USC00038	7.835483871	10.406451613	-2.570967742
USC00040	18.530930931	13.023958333	5.5069725976
USC00041	17.635704125	12.2109319	5.4247722255
USC00042	19.44373928	13.792074199	5.6516650806
USC00043	18.041943734	13.040298507	5.0016452266
USC00044	18.832805071	13.00816	5.8246450713
USC00045	16.99120433	11.354979536	5.636224794
USC00046	19.896844181	14.732122371	5.1647218105
USC00047	21.143658211	16.04308642	5.1005717912
USC00048	16.143097015	10.121022727	6.0220742877
USC00049	17.422988506	11.873506201	5.5494823051
USC00050	3.6145496536	1.4544364508	2.1601132027
USC00051	3.7796934866	1.9724565757	1.8072369109
USC00052	4.7387681159	2.6020512821	2.1367168339
USC00053	2.5035511364	-0.218573351	2.7221244876
USC00054	6.180605227	4.8814569536	1.2991482733
USC00055	4.1239631336	0.9324884793	3.1914746544
USC00056	6.0428571429	2.2781954887	3.7646616541
USC00057	4.1447513812	3.1270072993	1.0177440819
USC00058	4.484021544	2.6661290323	1.8178925117
USC00059	4.1041666667	1.8018604651	2.3023062016
USC00060	-0.08516129	2.7753246753	-2.860485966
USC00061	-3.461538462	2.1933333333	-5.654871795
USC00062	-0.231034483	2.1096774194	-2.340711902
USC00063	0.9035714286	2.7387096774	-1.835138249
USC00064	0.7193548387	2.9064516129	-2.187096774
USC00065	-1.123076923	2.3612903226	-3.484367246
USC00067	0.4096774194	3.2258064516	-2.816129032
USC00068	0.0258064516	2.5241935484	-2.498387097
USC00069	-0.133870968	2.2919354839	-2.425806452
USC00072	5.0392857143	7.5451612903	-2.505875576
USC00079	1.97	4.9838709677	-3.013870968
USC00080	20.688486842	24.896453901	-4.207967059
USC00081	19.394907407	24.288053097	-4.89314569
USC00082	20.481751825	24.590491803	-4.108739978
USC00083	20.951839465	24.728013029	-3.776173564
USC00084	21.040948276	24.795227766	-3.75427949
USC00085	18.854047619	23.590543735	-4.736496116
USC00086	19.329067642	24.13540146	-4.806333818
USC00087	20.073595506	24.461979167	-4.388383661
USC00088	19.320901639	23.916967509	-4.59606587
USC00089	17.874342105	23.74375	-5.869407895
USC00090	9.1663212435	16.208888889	-7.042567645
USC00091	9.4321299639	15.346846847	-5.914716883
USC00092	10.165454545	16.71223176	-6.546777214
USC00093	10.832954545	18.828185328	-7.995230783
USC00094	9.6972299169	16.355706522	-6.658476605
USC00095	10.868441065	17.677777778	-6.809336713
USC00096	12.688983051	19.947482014	-7.258498964
USC00097	10.790860215	17.188172043	-6.397311828
USC00098	10.530964467	16.700359712	-6.169395245
USC00099	11.712236287	18.25	-6.537763713
USC00100	2.1107526882	-3.131292517	5.2420452052
USC00101	2.4	-1.721301775	4.1213017751
USC00102	2.3985294118	-1.626315789	4.0248452012
USC00103	2.7487272727	-2.357761733	5.1064890056
USC00104	2.5024324324	-2.412944162	4.9153765949
USC00105	2.7210743802	-3.131391586	5.8524659659
USC00106	2.4674486804	-2.626404494	5.0938531747
USC00107	2.0355608592	-2.070225873	4.1057867319
USC00108	0.8243421053	-3.467647059	4.2919891641
USC00109	1.8231182796	-1.426046512	3.2491647912
USC00110	-2.905194805	2.9970037453	-5.902198551
USC00111	-0.840397351	3.8088757396	-4.649273091
USC00112	-1.74	3.1927710843	-4.932771084
USC00113	-3.180921053	2.7383685801	-5.919289633
USC00114	-1.351054852	3.7497975709	-5.100852423
USC00115	-3.67545045	2.1202325581	-5.795683009
USC00116	-2.160821485	3.2371118012	-5.397933286
USC00117	-1.644859813	3.3467261905	-4.991586004
USC00118	-1.676811594	3.3285714286	-5.005383023
USC00119	-1.643478261	3.5047169811	-5.148195242
USC00120	-1.999492386	3.7286956522	-5.728188038
USC00121	-1.935918367	3.7329268293	-5.668845197
USC00122	0.2259668508	4.0778894472	-3.851922596
USC00123	-2.837623762	2.8567493113	-5.694373074
USC00124	-3.460802469	2.6644155844	-6.125218054
USC00125	-3.536641221	2.7038709677	-6.240512189
USC00126	-0.96483871	4.018	-4.98283871
USC00127	-0.988	3.7380136986	-4.726013699
USC00128	0.4533333333	5.2514522822	-4.798118949
USC00129	-2.557039711	3.2543806647	-5.811420376
USC00130	-2.924635036	0.3626353791	-3.287270416
USC00131	-3.537149028	0.166359447	-3.703508475
USC00132	-4.786222222	-0.764052288	-4.022169935
USC00133	-3.108656716	-0.002932551	-3.105724165
USC00134	-2.575934579	0.812037037	-3.387971616
USC00135	-4.252560647	-0.268648649	-3.983911998
USC00136	-3.426451613	-0.219710145	-3.206741468
USC00137	-3.383838384	-1.18805668	-2.195781704
USC00138	-4.457819905	-0.656372549	-3.801447356
USC00139	-1.765384615	0.85	-2.615384615
USC00140	5.2215053763	6.1247978437	-0.903292467
USC00141	5.3060836502	6.2370873786	-0.931003728
USC00142	5.91197411	7.5977272727	-1.685753163
USC00143	5.8876510067	7.037628866	-1.149977859
USC00144	6.2175365344	6.7370445344	-0.519508
USC00145	5.8884536082	6.6206759443	-0.732222336
USC00146	5.5211309524	6.7299703264	-1.208839374
USC00147	6.6207792208	6.8663716814	-0.245592461
USC00148	6.2169550173	7.1250425894	-0.908087572
USC00149	5.4451612903	8.0290322581	-2.583870968
USC00150	3.2441605839	7.4134057971	-4.169245213
USC00151	2.7025974026	7.3875555556	-4.684958153
USC00152	3.7012658228	7.2873333333	-3.586067511
USC00153	3.1365638767	6.8021052632	-3.665541387
USC00154	3.01484375	7.6698795181	-4.655035768
USC00155	3.5083333333	7.5633846154	-4.055051282
USC00156	3.2071428571	7.6212927757	-4.414149919
USC00157	3.5415584416	7.9152727273	-4.373714286
USC00158	3.3224242424	7.4367567568	-4.114332514
USC00160	11.980092593	14.98411215	-3.004019557
USC00161	12.749450549	15.785164835	-3.035714286
USC00162	13.230081301	16.59516129	-3.36507999
USC00163	13.79673913	16.891208791	-3.094469661
USC00164	12.392432432	15.982231405	-3.589798973
USC00165	13.476497696	16.101382488	-2.624884793
USC00166	13.047154472	16.232244898	-3.185090426
USC00167	12.453333333	15.646153846	-3.192820513
USC00168	13.246296296	16.2	-2.953703704
USC00169	13.317123288	16.057142857	-2.740019569
USC00170	-3.517883212	-2.180505415	-1.337377797
USC00171	-3.4	-2.130434783	-1.269565217
USC00172	-4.392473118	-3.123041475	-1.269431644
USC00173	-3.512096774	-1.984552846	-1.527543929
USC00174	-3.344813278	-2.101612903	-1.243200375
USC00175	-4.066129032	-2.806451613	-1.259677419
USC00176	-4.330645161	-2.525806452	-1.80483871
USC00177	-4.629608939	-2.702580645	-1.927028293
USC00178	-4.445	-3.604545455	-0.840454545
USC00179	-2.600645161	-0.56	-2.040645161
USC00180	2.6225806452	7.0419354839	-4.419354839
USC00182	1.6983516484	5.7747311828	-4.076379534
USC00183	-2.051612903	4.635483871	-6.687096774
USC00185	2.8021505376	6.7666666667	-3.964516129
USC00186	2.6204545455	6.5967741935	-3.976319648
USC00187	6.579245283	9.6796296296	-3.100384347
USC00188	3.5329545455	6.4059322034	-2.872977658
USC00189	2.4754098361	6.5714285714	-4.096018735
USC00190	-0.621467391	1.5932614555	-2.214728847
USC00191	1.8516129032	2.9580645161	-1.106451613
USC00192	1.95	3.4703225806	-1.520322581
USC00193	1.2424731183	3.2913978495	-2.048924731
USC00194	0.2860082305	2.755	-2.46899177
USC00195	0.6204301075	2.7397849462	-2.119354839
USC00196	2.2139784946	4.2456521739	-2.031673679
USC00198	0.5924731183	2.7	-2.107526882
USC00199	-1.220833333	1.0189655172	-2.239798851
USC00200	-6.418695652	-0.341392904	-6.077302748
USC00201	-6.086767896	-0.38	-5.706767896
USC00202	-5.346542056	0.2852941176	-5.631836174
USC00203	-5.942658228	-0.254278729	-5.688379499
USC00204	-7.734059946	-1.365484634	-6.368575312
USC00205	-5.428873239	0.1984536082	-5.627326848
USC00206	-6.415105163	-0.414346895	-6.000758267
USC00207	-6.307619048	-0.450109409	-5.857509638
USC00208	-6.46576087	-0.862554113	-5.603206757
USC00209	-5.477419355	-0.413793103	-5.063626251
USC00210	-10.48643006	-6.143495935	-4.342934128
USC00211	-9.652079208	-5.571128107	-4.080951101
USC00212	-11.09289941	-6.394044665	-4.698854743
USC00213	-10.0125	-5.899255583	-4.113244417
USC00214	-9.880898876	-5.958378378	-3.922520498
USC00215	-8.991454965	-5.2640553	-3.727399666
USC00216	-9.747836538	-5.606919643	-4.140916896
USC00217	-7.81409396	-3.839009288	-3.975084672
USC00218	-9.941962775	-5.830955994	-4.111006781
USC00219	-8.518951613	-4.614516129	-3.904435484
USC00220	9.5586046512	13.51843318	-3.959828529
USC00221	10.045149254	13.886021505	-3.840872252
USC00222	11.596703297	15.70989011	-4.113186813
USC00223	9.7191780822	14.083783784	-4.364605702
USC00224	8.5693333333	12.55326087	-3.983927536
USC00225	11.467808219	15.174305556	-3.706497336
USC00226	10.246153846	14.487982833	-4.241828986
USC00227	10.065437788	14.152554745	-4.087116957
USC00228	8.6852272727	12.378409091	-3.693181818
USC00229	10.129218107	14.614900662	-4.485682555
USC00230	3.6978165939	6.9089130435	-3.21109645
USC00231	2.1295045045	6.0111111111	-3.881606607
USC00232	4.11	7.4130177515	-3.303017751
USC00233	1.6544444444	4.9333333333	-3.278888889
USC00234	3.7433414044	6.8014925373	-3.058151133
USC00235	3.0136792453	6.2856842105	-3.272004965
USC00236	3.090778098	6.4776315789	-3.386853481
USC00237	2.8942028986	6.2858565737	-3.391653675
USC00238	2.6059674503	6.3827083333	-3.776740883
USC00239	4.0725806452	7.30125	-3.228669355
USC00240	3.891689008	0.9408521303	2.9508368777
USC00241	2.8932692308	0.6873291925	2.2059400382
USC00242	2.3179104478	0.0191919192	2.2987185286
USC00243	3.2880664653	0.8983557549	2.3897107104
USC00244	2.3895027624	0.3980694981	1.9914332644
USC00245	1.8896396396	0.1595862069	1.7300534327
USC00246	0.8202898551	0.1387417219	0.6815481332
USC00247	2.1994609164	0.371574904	1.8278860125
USC00248	2.0444927536	-0.390848806	2.43534156
USC00249	2.3682291667	-0.454782609	2.8230117754
USC00250	4.2222737819	3.793287037	0.4289867449
USC00251	4.361482821	3.5828209765	0.7786618445
USC00252	3.9546436285	2.8812366738	1.0734069547
USC00253	3.5893108298	2.4282051282	1.1611057016
USC00254	5.0014388489	3.5537906137	1.4476482352
USC00255	3.6099744246	3.2012594458	0.4087149787
USC00256	3.9375366569	2.9909677419	0.946568915
USC00257	3.4295698925	3.366359447	0.0632104455
USC00258	2.5690402477	2.3278219396	0.2412183081
USC00259	0.9129032258	0.3758064516	0.5370967742
USC00260	10.276237624	2.1072222222	8.1690154015
USC00261	11.466451613	4.9960784314	6.4703731815
USC00262	9.8121863799	2.221299639	7.5908867409
USC00263	9.8722222222	3.95907173	5.9131504923
USC00264	10.344665012	1.3449871465	8.9996778659
USC00265	13.558433735	6.0994609164	7.4589728185
USC00266	10.771153846	3.2330985915	7.5380552546
USC00267	10.312529002	2.4027842227	7.9097447796
USC00268	11.129120879	4.7675675676	6.3615533116
USC00269	8.5322580645	-0.514444444	9.046702509
USC00270	-2.687096774	-1.029787234	-1.65730954
USC00271	-5.641935484	-4.190322581	-1.451612903
USC00272	-1.705691057	-0.442857143	-1.262833914
USC00273	-2.25990566	0.4254054054	-2.685311066
USC00274	-2.605339806	-0.448792271	-2.156547535
USC00275	-2.297844828	0.114559387	-2.412404215
USC00276	-3.545454545	-0.917592593	-2.627861953
USC00278	-3.308928571	-0.548623853	-2.760304718
USC00279	-2.840860215	-0.647311828	-2.193548387
USC00280	-0.163157895	3.7573770492	-3.920534944
USC00281	2.10375	4.8936170213	-2.789867021
USC00282	3.1564516129	6.5725806452	-3.416129032
USC00283	2.235483871	5.2339869281	-2.998503057
USC00284	3.3933333333	6.1387096774	-2.745376344
USC00286	2.1358333333	4.8580645161	-2.722231183
USC00287	1.3822580645	4.6714285714	-3.289170507
USC00288	1.5919354839	3.514516129	-1.922580645
USC00289	0.5580645161	4.2	-3.641935484
USC00290	10.890981432	7.8053571429	3.0856242895
USC00291	10.213129103	7.0369897959	3.1761393069
USC00292	10.522432432	6.8651226158	3.6573098166
USC00293	12.709422492	8.2797752809	4.4296472115
USC00294	12.102432432	9.2617100372	2.8407223953
USC00295	10.896495957	6.838147139	4.0583488179
USC00296	11.058389262	7.6123493976	3.4460398642
USC00297	11.620246914	8.6223300971	2.9979168165
USC00298	12.67	8.6322580645	4.0377419355
USC00299	12.056055363	8.4349794239	3.6210759395
USC00300	-2.110421286	1.897996357	-4.008417643
USC00301	-2.545233266	0.9635245902	-3.508757856
USC00302	-2.457959184	0.6791111111	-3.137070295
USC00303	-3.488978495	0.4027295285	-3.891708023
USC00304	-3.52038835	0.0464705882	-3.566858938
USC00305	-2.434730539	0.7935103245	-3.228240863
USC00306	-2.968566176	1.4991919192	-4.467758096
USC00307	-1.096363636	1.8690789474	-2.965442584
USC00308	-2.663030303	0.7260869565	-3.38911726
USC00309	-2.251401869	2.1165322581	-4.367934127
USC00310	6.9044247788	10.720338983	-3.815914204
USC00311	8.2752688172	12.337258348	-4.061989531
USC00312	7.781	11.812771084	-4.031771084
USC00313	7.6740740741	11.423061224	-3.74898715
USC00314	8.1328871893	11.988737864	-3.855850675
USC00315	8.0117256637	12.281278539	-4.269552875
USC00316	8.4745152355	12.304683196	-3.83016796
USC00317	8.3231732777	12.353	-4.029826722
USC00318	7.9570637119	11.858743169	-3.901679457
USC00319	8.8275956284	12.761654135	-3.934058507
USC00320	-7.026237624	-5.77815534	-1.248082284
USC00321	-8.357342657	-6.871348315	-1.485994343
USC00322	-5.972881356	-5.810047847	-0.162833509
USC00323	-6.272983871	-5.77755102	-0.495432851
USC00324	-5.903174603	-5.627142857	-0.276031746
USC00325	-6.591238671	-5.124919094	-1.466319577
USC00326	-5.608928571	-5.15755814	-0.451370432
USC00327	-6.765333333	-6.731875	-0.033458333
USC00328	-6.602158273	-6.825830258	0.2236719849
USC00329	-6.015463918	-5.09084507	-0.924618847
USC00330	-2.061290323	3.4612903226	-5.522580645
USC00331	-2.190813648	3.5481481481	-5.738961796
USC00332	-2.106818182	3.5763754045	-5.683193586
USC00333	-1.099595142	3.8105263158	-4.910121457
USC00334	-1.568316832	3.6447811448	-5.213097976
USC00335	-1.719178082	3.7631782946	-5.482356377
USC00336	-1.686016949	3.7105660377	-5.396582987
USC00337	-0.975735294	4.1471014493	-5.122836743
USC00338	-1.683061889	3.5416666667	-5.224728556
USC00339	-1.578947368	3.6991304348	-5.278077803
USC00340	10.431073446	11.094034091	-0.662960645
USC00341	10.302504817	11.42148289	-1.118978073
USC00342	10.589189189	11.421198157	-0.832008967
USC00343	10.050943396	10.480107527	-0.429164131
USC00344	9.4422885572	10.676616915	-1.234328358
USC00345	10.361185984	11.615702479	-1.254516496
USC00346	9.0800813008	10.797132616	-1.717051316
USC00347	9.8561983471	11.358577406	-1.502379059
USC00348	10.215658363	11.322916667	-1.107258304
USC00349	10.12359882	10.60109589	-0.47749707
USC00350	7.7214953271	3.6783216783	4.0431736488
USC00351	8.8104294479	5.4197033898	3.390726058
USC00352	8.244812362	4.3278145695	3.9169977925
USC00353	8.5382352941	4.8278978389	3.7103374552
USC00354	7.9460273973	3.1081578947	4.8378695025
USC00355	6.8475849732	3.2400684932	3.60751648
USC00356	7.8664586583	4.0238163558	3.8426423025
USC00357	8.8451948052	4.5566326531	4.2885621521
USC00358	7.8379403794	3.5135	4.3244403794
USC00359	9.2427419355	6.0362903226	3.2064516129
USC00360	-1.329722222	2.8593667546	-4.189088977
USC00361	-2.175706215	2.0966	-4.272306215
USC00362	-0.63655914	3.6035714286	-4.240130568
USC00363	-0.925062035	2.9065274151	-3.83158945
USC00364	-1.814369501	2.4253481894	-4.239717691
USC00365	-2.147138047	2.9846385542	-5.131776601
USC00366	0.5248387097	4.323880597	-3.799041887
USC00367	-1.338207547	2.6365566038	-3.974764151
USC00368	-1.493300248	2.8502304147	-4.343530663
USC00369	-0.673051948	3.572815534	-4.245867482
USC00374	3.5806451613	5.2451612903	-1.664516129
USC00375	0.5161290323	2.7	-2.183870968
USC00377	0.3290322581	2.1903225806	-1.861290323
USC00379	1.9032258065	4.4689655172	-2.565739711
USC00380	10.681147541	17.086419753	-6.405272212
USC00381	9.9096470588	15.288290398	-5.378643339
USC00382	11.523893805	16.743442623	-5.219548818
USC00383	10.143165468	15.843478261	-5.700312793
USC00384	10.035813953	15.573626374	-5.53781242
USC00385	9.889261745	15.65016835	-5.760906605
USC00386	10.004830918	15.243243243	-5.238412325
USC00387	9.7975609756	15.223387097	-5.425826121
USC00388	10.45	15.773626374	-5.323626374
USC00389	10.685483871	15.160714286	-4.475230415
USC00390	-0.912544803	-0.115412186	-0.797132616
USC00391	-3.024317618	-2.427047146	-0.597270471
USC00392	-0.898219585	-1.383441558	0.4852219739
USC00393	0.0016348774	-0.08742515	0.0890600271
USC00394	-0.248635236	-0.535074627	0.2864393911
USC00395	-1.50790378	-1.586153846	0.0782500661
USC00396	1.6115591398	0.5727040816	1.0388550582
USC00397	-3.300921659	-2.002150538	-1.298771121
USC00398	-3.45125448	-2.605017921	-0.846236559
USC00399	-1.352155172	-0.975203252	-0.37695192
USC00400	5.5995238095	9.9384615385	-4.338937729
USC00401	5.3649237473	9.5961702128	-4.231246465
USC00402	4.6175824176	9.2311258278	-4.61354341
USC00403	5.2885521886	9.8117647059	-4.523212517
USC00404	5.3767857143	9.9214470284	-4.544661314
USC00405	5.7885010267	10.092229039	-4.303728012
USC00406	4.3821256039	9.0627536232	-4.680628019
USC00407	5.1463709677	9.7928571429	-4.646486175
USC00408	5.1226666667	9.9460416667	-4.823375
USC00409	5.0983713355	9.9810089021	-4.882637567
USC00410	15.24425	15.41776028	-0.17351028
USC00411	14.408229665	15.31141115	-0.903181485
USC00412	14.600527426	15.545570866	-0.94504344
USC00413	14.7	15.230634072	-0.530634072
USC00414	14.973450292	15.680183276	-0.706732984
USC00415	14.798997996	15.753401678	-0.954403682
USC00416	14.311584554	14.105751174	0.2058333802
USC00417	15.601791359	16.519584838	-0.917793478
USC00418	14.502308802	14.965508021	-0.463199219
USC00419	14.715289256	15.123848238	-0.408558982
USC00420	5.4410367171	-0.779669031	6.2207057478
USC00421	5.477510917	-1.145020747	6.6225316639
USC00422	3.9543157895	-4.254054054	8.2083698435
USC00423	5.0868995633	-1.795631068	6.8825306313
USC00424	7.2977272727	0.0256470588	7.2720802139
USC00425	4.901754386	-1.667713004	6.5694673904
USC00426	4.8387019231	-1.998214286	6.8369162088
USC00427	2.4065533981	-3.138461538	5.5450149365
USC00428	2.6257352941	-3.380841121	6.0065764156
USC00429	4.4084677419	-1.592982456	6.0014501981
USC00430	-4.838823529	-2.58452381	-2.25429972
USC00431	-4.537096774	-2.055102041	-2.481994733
USC00432	-3.73963964	-1.624193548	-2.115446091
USC00433	-4.585483871	-2.60483871	-1.980645161
USC00434	-3.924590164	-4.034210526	0.1096203624
USC00435	-4.920967742	-2.859016393	-2.061951348
USC00436	-4.318018018	-1.248507463	-3.069510555
USC00437	-3.314516129	-0.432258065	-2.882258065
USC00438	-4.998918919	-2.699526066	-2.299392853
USC00439	-4.395081967	-1.750819672	-2.644262295
USC00440	4.9440740741	8.7742474916	-3.830173418
USC00441	4.3309589041	8.5255376344	-4.19457873
USC00442	5.2394265233	8.8712727273	-3.631846204
USC00443	3.1881147541	8.1445229682	-4.956408214
USC00444	5.1126582278	8.7863829787	-3.673724751
USC00445	2.8716981132	7.692408377	-4.820710264
USC00446	4.9030612245	8.5310650888	-3.628003864
USC00447	4.5225806452	8.7407258065	-4.218145161
USC00448	5.796744186	9.4298578199	-3.633113634
USC00449	4.0252336449	8.5107526882	-4.485519043
USC00450	6.9909385113	4.4532894737	2.5376490376
USC00451	5.2844488189	1.9895752896	3.2948735293
USC00452	5.2211726384	2.277124183	2.9440484554
USC00453	3.4901639344	1.2526829268	2.2374810076
USC00454	6.3666666667	3.3795620438	2.9871046229
USC00455	5.4196930946	1.9790190736	3.4406740211
USC00456	5.1407982262	2.2833729216	2.8574253045
USC00457	4.789276808	1.852184466	2.937092342
USC00458	5.4044176707	2.1335740072	3.2708436635
USC00459	4.0071428571	0.3577114428	3.6494314144
USC00460	0.9788043478	5.6751152074	-4.69631086
USC00461	0.8028806584	4.5703252033	-3.767444545
USC00462	1.0955555556	4.8166666667	-3.721111111
USC00463	1.6423868313	5.7464435146	-4.104056683
USC00464	2.1545454545	5.8879310345	-3.73338558
USC00465	1.2681063123	5.7342192691	-4.466112957
USC00466	1.6254826255	6.1793103448	-4.553827719
USC00467	1.3616161616	5.8696629213	-4.50804676
USC00468	0.5737288136	5.1908396947	-4.617110881
USC00469	2.5461538462	6.3067669173	-3.760613071
USC00470	-8.231198347	-2.920647773	-5.310550574
USC00471	-8.566322314	-2.797920998	-5.768401316
USC00472	-8.222605364	-2.540808081	-5.681797283
USC00473	-8.114913658	-2.345723684	-5.769189974
USC00474	-8.151717172	-2.749494949	-5.402222222
USC00475	-8.32394822	-2.429541596	-5.894406624
USC00476	-8.069066667	-2.343236715	-5.725829952
USC00477	-8.33799682	-2.878672986	-5.459323835
USC00478	-8.140662651	-2.375491679	-5.765170971
USC00479	-8.801948052	-3.301851852	-5.5000962
USC00480	0.1805389222	-1.766423358	1.9469622798
USC00481	3.7294930876	1.5848920863	2.1446010012
USC00482	1.7320895522	-0.073952096	1.806041648
USC00483	1.9118081181	0.2898876404	1.6219204776
USC00484	2.3369047619	-0.323744292	2.6606490541
USC00485	1.8100985222	0.1184331797	1.6916653424
USC00486	1.1231132075	-0.971544715	2.094657923
USC00487	1.8884526559	-0.76674938	2.6552020355
USC00488	1.4373913043	-0.196949891	1.6343411954
USC00489	1.8970501475	0.2037593985	1.693290749
USC00500	-0.065441176	-3.694748858	3.629307682
USC00501	-4.747457627	-9.703533569	4.9560759418
USC00502	-1.990265487	-6.753219448	4.7629539614
USC00503	-1.209777778	-5.624242424	4.4144646465
USC00504	1.2689419795	-2.368235294	3.6371772736
USC00505	-2.130913349	-7.004640371	4.8737270223
USC00506	-4.749438202	-9.540217391	4.7907791891
USC00507	2.1528301887	-1.440217391	3.59304758
USC00508	2.8926553672	-4.117786561	7.0104419285
USC00509	-5.656589147	-9.637586207	3.9809970596
USC00510	22.502739726	22.164383562	0.3383561644
USC00511	24.609375	22.332773109	2.2766018908
USC00512	22.595744681	22.991891892	-0.396147211
USC00513	24.592156863	23.581203008	1.0109538552
USC00514	25.234513274	24.491525424	0.7429878506
USC00515	23.842690058	23.847904192	-0.005214133
USC00516	18.25	18.126923077	0.1230769231
USC00517	25.559482759	24.61640625	0.9430765086
USC00518	25.805747126	24.896153846	0.9095932803
USC00519	26.193081761	25.283802817	0.9092789441
USR0000A	5.3496068013	1.026034373	4.3235724283
USR0000B	5.9922043011	1.4854447439	4.5067595571
USR0000C	14.672295209	9.6027254277	5.069569781
USR0000D	3.5209677419	3.5612903226	-0.040322581
USR0000E	9.8032258065	0.6774193548	9.1258064516
USR0000F	17.362808349	21.472744722	-4.109936373
USR0000G	10.30494382	16.431632653	-6.126688833
USR0000H	20.539784946	20.653077975	-0.113293029
USR0000I	3.0271243198	0.2771002132	2.7500241066
USR0000J	5.6387096774	3.2440860215	2.3946236559
USR0000K	4.9043010753	6.6253554502	-1.721054375
USR0000L	12.247096774	13.620322581	-1.373225806
USR0000M	-0.360443864	0.4770380435	-0.837481908
USR0000N	6.818108381	4.6929152849	2.1251930961
USR0000O	8.6380392157	5.5867820614	3.0512571543
USR0000P	0.1139784946	0.9247311828	-0.810752688
USR0000R	3.4049382716	0.7548387097	2.6500995619
USR0000S	5.7818740399	6.5933641975	-0.811490158
USR0000T	12.955697356	14.199727025	-1.244029668
USR0000U	2.864516129	-0.3	3.164516129
USR0000V	2.6986111111	5.247235023	-2.548623912
USR0000W	1.6238683128	0.5755725191	1.0482957937
USS0003E	-0.556451613	1.1129032258	-1.669354839
USS0004E	-0.193548387	0.7258064516	-0.919354839
USS0005G	-2.127419355	-1.435483871	-0.691935484
USS0005H	0.2096774194	0.9612903226	-0.751612903
USS0005J	-1.607343413	-0.589978214	-1.017365199
USS0005K	-2.945564516	-2.413978495	-0.531586022
USS0005L	-1.677419355	-2.246774194	0.5693548387
USS0005M	1.4795698925	0.1751152074	1.3044546851
USS0005N	1.7254480287	2.4330645161	-0.707616487
USS0005P	2.6548387097	1.911827957	0.7430107527
USS0005R	3.9419354839	1.7225806452	2.2193548387
USS0006E	1.4516129032	1.8129032258	-0.361290323
USS0006G	-2.739130435	-2.101612903	-0.637517532
USS0006H	0.5090909091	-0.477647059	0.9867379679
USS0006J	-1.396037296	-1.732084309	0.3360470131
USS0006K	0.011047619	-1.221764706	1.2328123249
USS0006L	2.0088785047	-1.088018433	3.0968969379
USS0006M	1.3897849462	-0.408064516	1.7978494624
USS0006N	5.3058064516	0.8387096774	4.4670967742
USS0006P	3.8467741935	2.164516129	1.6822580645
USS0007E	-1.529301075	-1.258333333	-0.270967742
USS0007F	-2.4	-2.507526882	0.1075268817
USS0007H	-0.116129032	-1.058064516	0.9419354839
USS0007J	-0.912903226	-1.648387097	0.735483871
USS0007K	-0.025910931	-1.008064516	0.982153585
USS0007M	2.3880085653	0.5760869565	1.8119216088
USS0007S	8.9483870968	4.1725806452	4.7758064516
USS0008F	-0.174193548	-1.096774194	0.9225806452
USS0008G	1.3978494624	0.5290322581	0.8688172043
USS0008K	0.2967741935	-0.787096774	1.0838709677
USS0008L	2.3258064516	0.0838709677	2.2419354839
USS0008M	2.5057416268	0.3469483568	2.15879327
USS0008N	5.6967741935	2.9064516129	2.7903225806
USS0008P	7.4580645161	3.9516129032	3.5064516129
USS0008S	7.914516129	3.5387096774	4.3758064516
USS0008T	10.016129032	5.135483871	4.8806451613
USS0009A	2.2032258065	1.9451612903	0.2580645161
USS0009C	0.8709677419	1.0161290323	-0.14516129
USS0009D	0.0314516129	-0.60483871	0.6362903226
USS0009E	-1.222580645	-1.677880184	0.4552995392
USS0009F	-0.000806452	-0.721935484	0.7211290323
USS0009G	-1.029032258	-1.766935484	0.7379032258
USS0009J	2.6572580645	0.5463414634	2.1109166011
USS0009K	2.8419354839	-0.383870968	3.2258064516
USS0009L	3.9274193548	1.4967741935	2.4306451613
USS0009M	3.2451612903	-0.412903226	3.6580645161
USS0009N	5.3225806452	1.8870967742	3.435483871
USS0009S	11.908294931	5.0479262673	6.8603686636
USS0010C	-0.969758065	-1.512096774	0.5423387097
USS0010D	0.4860215054	-0.532258065	1.0182795699
USS0010E	-1.676209677	-3.152419355	1.4762096774
USS0010F	-1.34265233	-3.140860215	1.7982078853
USS0010G	-0.869354839	-2.155806452	1.2864516129
USS0010J	1.6397959184	-0.344991511	1.9847874294
USS0010K	2.921978022	-0.192473118	3.1144511403
USS0010R	10.258064516	4.1387096774	6.1193548387
USS0010S	11.070967742	6.2096774194	4.8612903226
USS0011C	0.3365591398	-0.683870968	1.0204301075
USS0011D	-0.39516129	-1.95483871	1.5596774194
USS0011E	-1.19811828	-3.633870968	2.4357526882
USS0011F	0.75	-1.956451613	2.7064516129
USS0011G	1.2629032258	-0.799462366	2.0623655914
USS0011H	1.5550607287	-0.576008065	2.1310687933
USS0011J	2.0655882353	-0.307771261	2.3733594963
USS0011K	2.6132616487	-0.121146953	2.7344086022
USS0011L	3.9612903226	0.4215053763	3.5397849462
USS0011M	3.3774193548	-0.109677419	3.4870967742
USS0011P	8.8096774194	3.8677419355	4.9419354839
USS0011R	9.9639784946	4.8247311828	5.1392473118
USS0012A	2.4967741935	1.9677419355	0.5290322581
USS0012B	1.4974193548	0.6503225806	0.8470967742
USS0012C	0.1419354839	-1.082795699	1.2247311828
USS0012D	0.5983870968	-1.140322581	1.7387096774
USS0012E	-0.187096774	-2.580645161	2.3935483871
USS0012G	2.8612903226	-0.546774194	3.4080645161
USS0012J	2.5803278689	-0.243548387	2.8238762559
USS0012K	4.0741935484	0.2403225806	3.8338709677
USS0012L	3.2612903226	-0.164976959	3.4262672811
USS0012M	5.9609318996	1.5153225806	4.445609319
USS0012P	11.496774194	6.6177419355	4.8790322581
USS0013A	-0.309139785	-1.231182796	0.9220430108
USS0013B	0.6798387097	-0.552419355	1.2322580645
USS0013C	0.9887096774	-0.545483871	1.5341935484
USS0013D	-0.203870968	-2.31483871	2.1109677419
USS0013E	1.2696774194	-0.976774194	2.2464516129
USS0013F	3.3741935484	0.2080645161	3.1661290323
USS0013G	2.7161290323	1.464516129	1.2516129032
USS0013H	-0.651612903	-3.032258065	2.3806451613
USS0013M	6.86	1.9129032258	4.9470967742
USS0014A	0.0043010753	-0.931182796	0.935483871
USS0014B	0.8080645161	-1.108064516	1.9161290323
USS0014C	1.8967741935	-0.138709677	2.035483871
USS0014D	1.635483871	-0.177419355	1.8129032258
USS0014E	1.7935483871	-0.420967742	2.214516129
USS0014F	2.7910394265	-0.625089606	3.4161290323
USS0014G	3.0548387097	-0.529032258	3.5838709677
USS0014H	6.9419354839	3.0967741935	3.8451612903
USS0014K	3.1907834101	-0.224884793	3.4156682028
USS0014L	3.1064516129	-0.241935484	3.3483870968
USS0015A	-0.05	-1.433870968	1.3838709677
USS0015B	1.3282258065	-0.891129032	2.2193548387
USS0015C	1.6629032258	-0.573655914	2.2365591398
USS0015D	3.5564516129	0.6596774194	2.8967741935
USS0015E	2.3025806452	-0.364516129	2.6670967742
USS0015F	4.0569892473	0.2677419355	3.7892473118
USS0015G	3.6193548387	0.0677419355	3.5516129032
USS0015H	3.8955645161	0.3181451613	3.5774193548
USS0015J	4.1	1.5075268817	2.5924731183
USS0015K	5.9919354839	2.6096774194	3.3822580645
USS0015L	6.4370967742	2.05	4.3870967742
USS0015N	8.1731182796	3.8021505376	4.3709677419
USS0016A	-0.032258065	-1.063870968	1.0316129032
USS0016B	0.8516129032	-1.193548387	2.0451612903
USS0016C	3.1709677419	0.3956989247	2.7752688172
USS0016D	3.0580645161	-0.496774194	3.5548387097
USS0016E	3.4180645161	-0.887096774	4.3051612903
USS0016F	4.2483870968	0.2161290323	4.0322580645
USS0016G	5.735483871	1.7951612903	3.9403225806
USS0016H	4.4116935484	1.239516129	3.1721774194
USS0016J	6.2838709677	2.6580645161	3.6258064516
USS0017A	-1.206451613	-3.103225806	1.8967741935
USS0017B	1.7016129032	-0.674193548	2.3758064516
USS0017C	5.6290322581	3.0580645161	2.5709677419
USS0017D	3.526344086	0.2747311828	3.2516129032
USS0017H	5.7516129032	2.8021505376	2.9494623656
USS0017J	7.1387096774	3.7838709677	3.3548387097
USS0017K	4.6161290323	2.0766666667	2.5394623656
USS0018A	0.7048387097	-1.311290323	2.0161290323
USS0018D	5.4129032258	1.5788018433	3.8341013825
USS0018E	5.3725806452	1.0365591398	4.3360215054
USS0018F	6.2	1.0258064516	5.1741935484
USS0018G	5.0112903226	2.2306451613	2.7806451613
USS0018H	6.4258064516	2.9935483871	3.4322580645
USS0019A	2.3435483871	0.0112903226	2.3322580645
USS0019D	5.5112903226	2.5193548387	2.9919354839
USS0019E	6.1403225806	2.4	3.7403225806
USS0019F	4.5709677419	1.0387096774	3.5322580645
USS0019K	6.7	3.5698924731	3.1301075269
USS0019L	7.8817836812	4.1045540797	3.7772296015
USS0020A	3.0852534562	0.6313364055	2.4539170507
USS0020B	4.0348387097	2.084516129	1.9503225806
USS0020D	5.3193548387	3.2096774194	2.1096774194
USS0020E	6.0935483871	1.7483870968	4.3451612903
USS0020G	7.7459677419	4.914516129	2.8314516129
USS0020H	7.4661290323	3.4669354839	3.9991935484
USS0020K	8.9669354839	5.2991935484	3.6677419355
USS0020L	8.1752688172	4.9634408602	3.211827957
USS0021A	4.87	2.4208510638	2.4491489362
USS0021B	5.2004032258	2.6969758065	2.5034274194
USS0021C	5.4900921659	2.8898617512	2.6002304147
USS0021D	6.1278225806	3.335483871	2.7923387097
USS0021E	6.9980645161	4.1580645161	2.84
USS0021F	6.8411290323	4.2596774194	2.5814516129
USS0021G	8.4229166667	4.3532258065	4.0696908602
USS0022C	7.6330645161	4.664516129	2.9685483871
USS0022D	8.2935483871	4.7892473118	3.5043010753
USS0022E	9.5941935484	6.3019354839	3.2922580645
USS0022F	8.7568548387	5.2540650407	3.5027897981
USS0022G	6.7177419355	2.8423387097	3.8754032258
USS0023B	6.4653225806	3.7169354839	2.7483870968
USS0023D	8.8978494624	5.8537634409	3.0440860215
USS0023G	10.25	6.1467741935	4.1032258065
USS0033J	2.7161290323	0.9903225806	1.7258064516
USS0035K	1.1709677419	-3.583870968	4.7548387097
USS0041P	-8.522580645	-15.2483871	6.7258064516
USS0042M	-1.977419355	-7.783870968	5.8064516129
USS0042N	-5.867741935	-13.26129032	7.3935483871
USS0044Q	-3.725806452	-11.42903226	7.7032258065
USS0045L	3.2032258065	0.2965517241	2.9066740823
USS0045M	-1.561290323	-6.693548387	5.1322580645
USS0045O	-5.206451613	-11.74354839	6.5370967742
USS0045P	-6.860714286	-13.52258065	6.6618663594
USS0045Q	-5.45483871	-12.57258065	7.1177419355
USS0045R	-16.62580645	-19.40645161	2.7806451613
USS0046M	0.9903225806	-1.596774194	2.5870967742
USS0046P	-2.934482759	-11.83548387	8.9010011123
USS0046Q	-2.56344086	-10.77526882	8.211827957
USS0047O	-3.964516129	-9.206451613	5.2419354839
USS0047P	-9.629032258	-14.11612903	4.4870967742
USS0048L	3.9483870968	1.5483870968	2.4
USS0048M	0.8064516129	0.4935483871	0.3129032258
USS0048U	-12.92903226	-22.95806452	10.029032258
USS0048V	-19.12580645	-24.31290323	5.1870967742
USS0049L	1.9497695853	-0.899539171	2.8493087558
USS0049M	1.3365591398	-2.938709677	4.2752688172
USS0049T	-9.5	-15.76935484	6.2693548387
USS0050K	3.3365591398	-0.080645161	3.4172043011
USS0050L	2.5903225806	-1.493548387	4.0838709677
USS0050M	0.764516129	-3.909677419	4.6741935484
USS0050N	-0.466129032	-4.511290323	4.0451612903
USS0050O	-5.606451613	-12.7	7.0935483871
USS0050R	-6.612903226	-12.16451613	5.5516129032
USS0050S	-10.93225806	-14.99677419	4.064516129
USS0051K	3.3021505376	-0.279569892	3.5817204301
USS0051R	-15.08709677	-18.91612903	3.8290322581
USS0054K	3.9612903226	0.3935483871	3.5677419355
USS0062S	-7.270967742	-9.925806452	2.6548387097
USS0063P	-3.148387097	-7.708064516	4.5596774194
USS0064P	-99.9	-6.022580645	-93.87741935
USW00003	10.014338879	10.208146861	-0.193807982
USW00004	-0.143408715	1.0084404695	-1.151849184
USW00012	19.73253833	22.503081232	-2.770542902
USW00013	8.607853717	12.158009709	-3.550155992
USW00014	-3.058298698	0.4390494194	-3.497348117
USW00021	21.937096774	21.232173913	0.7049228612
USW00022	24.074157303	24.054243542	0.0199137609
USW00023	15.094192799	11.659533817	3.4346589817
USW00024	5.2229724771	1.864939803	3.3580326741
USW00025	4.8516556291	2.0180851064	2.8335705228
USW00026	-2.913738739	-7.263982103	4.3502433642
USW00027	-18.61533333	-21.94172185	3.326388521
USW00053	11.091486028	10.576234486	0.5152515413
USW00054	-1.634401114	1.4873452545	-3.121746369
USW00063	9.3706278027	14.509710983	-5.13908318
USW00064	-2.637903226	0.8193548387	-3.457258065
USW00073	10.966935484	17.090677966	-6.123742482
USW00092	22.345794393	25.687096774	-3.341302382
USW00093	10.598660844	10.886177474	-0.28751663
USW00094	-0.292926716	-0.079540758	-0.213385958
UV000005	34.735555556	33.637777778	1.0977777778
UV000065	34.281666667	33.095	1.1866666667
UVM00065	34.87295082	33.698319328	1.1746314919
UY000001	31.795652174	30.170967742	1.624684432
UY000002	28.333333333	31.875	-3.541666667
UY000086	33.1	31.001587302	2.0984126984
UYM00086	30.670588235	29.382758621	1.2878296146
UZM00038	3.3883548983	6.2803921569	-2.892037259
VE000002	33.128571429	34.411111111	-1.282539683
VE000080	32.273076923	31.535849057	0.7372278665
VEM00080	33.23045977	33.332317073	-0.101857303
VMM00048	23.274853801	21.623333333	1.6515204678
VMW00041	25.903508772	27.109836066	-1.206327294
VQC00670	22.583333333	26.784615385	-4.201282051
VQC00671	28.068421053	27.492	0.5764210526
VQC00677	28.94	29.225	-0.285
VQW00011	29.161666667	28.74516129	0.4165053763
WA004191	36.848148148	39.186666667	-2.338518519
WA006490	34.74	35.318181818	-0.578181818
WA007401	31.975862069	35.438709677	-3.462847608
WA007848	26.184210526	34.34137931	-8.157168784
WA007878	33.564285714	36.446666667	-2.882380952
WA010101	32.444444444	32.893333333	-0.448888889
WA010517	35.8375	36.733333333	-0.895833333
WA012084	33.280952381	32.71	0.570952381
WF000917	31.096296296	30.317241379	0.779054917
WFM00091	32.103571429	31.25862069	0.8449507389
WZ004455	28.7125	30.125	-1.4125
ZI000067	27.176744186	26.44	0.736744186
